*vertices 2250 2000
*edges
1 2059 1
1 2069 1
1 2233 1
2 2033 1
2 2091 1
2 2201 1
3 2129 1
3 2231 1
4 2055 1
4 2077 1
4 2195 1
5 2204 1
5 2210 1
6 2005 1
6 2225 1
7 2025 1
7 2044 1
7 2199 1
7 2203 1
8 2106 1
8 2122 1
8 2169 1
8 2235 1
9 2020 1
9 2092 1
9 2125 1
9 2139 1
10 2021 1
10 2029 1
10 2075 1
11 2096 1
12 2023 1
12 2117 1
12 2133 1
13 2090 1
13 2104 1
13 2140 1
14 2041 1
14 2235 1
15 2010 1
15 2069 1
15 2180 1
15 2210 1
15 2250 1
16 2074 1
16 2111 1
16 2114 1
16 2204 1
17 2055 1
17 2081 1
17 2188 1
18 2009 1
18 2045 1
18 2209 1
18 2228 1
19 2121 1
19 2125 1
20 2026 1
21 2002 1
21 2158 1
22 2020 1
23 2067 1
23 2087 1
23 2169 1
23 2200 1
23 2247 1
24 2073 1
24 2130 1
24 2180 1
25 2113 1
25 2118 1
26 2025 1
26 2072 1
26 2097 1
26 2246 1
26 2250 1
27 2118 1
27 2190 1
29 2026 1
30 2084 1
30 2154 1
30 2193 1
31 2055 1
31 2170 1
31 2195 1
32 2159 1
32 2170 1
32 2219 1
33 2216 1
35 2068 1
36 2065 1
37 2090 1
37 2178 1
38 2171 1
39 2037 1
39 2071 1
39 2118 1
39 2121 1
39 2173 1
40 2009 1
40 2137 1
40 2227 1
41 2125 1
41 2244 1
42 2219 1
43 2083 1
43 2103 1
43 2163 1
44 2195 1
44 2218 1
46 2077 1
46 2161 1
46 2219 1
47 2026 1
47 2039 1
47 2050 1
47 2123 1
48 2062 1
48 2083 1
49 2194 1
49 2241 1
50 2033 1
50 2054 1
50 2122 1
50 2161 1
51 2071 1
51 2117 1
52 2101 1
52 2195 1
52 2250 1
53 2008 1
53 2048 1
53 2093 1
54 2133 1
55 2146 1
56 2168 1
56 2181 1
56 2246 1
56 2247 1
57 2086 1
57 2095 1
57 2113 1
57 2150 1
58 2138 1
58 2206 1
58 2248 1
59 2032 1
61 2020 1
62 2005 1
62 2030 1
62 2163 1
62 2169 1
63 2037 1
63 2142 1
63 2236 1
64 2186 1
64 2233 1
65 2103 1
65 2110 1
67 2030 1
67 2036 1
67 2165 1
68 2084 1
68 2154 1
68 2177 1
68 2194 1
69 2079 1
69 2245 1
70 2053 1
70 2156 1
71 2035 1
71 2041 1
72 2054 1
72 2244 1
73 2016 1
73 2056 1
74 2129 1
74 2151 1
74 2182 1
75 2061 1
75 2090 1
75 2125 1
75 2178 1
76 2011 1
76 2104 1
76 2207 1
77 2114 1
77 2134 1
77 2170 1
77 2194 1
77 2239 1
77 2248 1
78 2006 1
78 2132 1
79 2009 1
79 2046 1
79 2162 1
79 2165 1
80 2101 1
80 2142 1
81 2071 1
81 2187 1
81 2244 1
82 2068 1
82 2105 1
83 2061 1
83 2123 1
83 2135 1
84 2138 1
84 2187 1
84 2235 1
85 2150 1
85 2181 1
86 2164 1
86 2208 1
86 2218 1
87 2036 1
87 2043 1
87 2155 1
88 2080 1
88 2109 1
88 2115 1
89 2201 1
89 2203 1
89 2205 1
89 2209 1
90 2011 1
90 2088 1
90 2135 1
90 2155 1
91 2068 1
91 2105 1
92 2076 1
92 2116 1
92 2151 1
92 2221 1
93 2125 1
93 2205 1
94 2057 1
95 2039 1
95 2040 1
95 2241 1
96 2002 1
96 2007 1
96 2023 1
96 2058 1
96 2124 1
96 2142 1
97 2041 1
97 2102 1
97 2133 1
98 2054 1
98 2139 1
98 2147 1
98 2227 1
99 2028 1
99 2223 1
100 2019 1
100 2097 1
100 2110 1
100 2224 1
101 2173 1
101 2174 1
102 2224 1
103 2084 1
103 2102 1
103 2145 1
103 2198 1
104 2070 1
104 2193 1
104 2194 1
105 2221 1
106 2149 1
107 2041 1
107 2126 1
107 2201 1
108 2180 1
108 2196 1
108 2250 1
109 2165 1
109 2222 1
110 2134 1
110 2194 1
110 2221 1
112 2013 1
112 2180 1
113 2239 1
115 2018 1
115 2126 1
115 2194 1
115 2200 1
116 2170 1
117 2058 1
117 2062 1
117 2243 1
118 2007 1
119 2066 1
119 2095 1
119 2229 1
120 2092 1
121 2011 1
121 2174 1
121 2234 1
122 2044 1
122 2054 1
122 2058 1
122 2208 1
123 2028 1
123 2177 1
124 2023 1
124 2122 1
125 2056 1
125 2137 1
125 2150 1
126 2120 1
126 2207 1
127 2085 1
127 2093 1
127 2238 1
127 2246 1
128 2133 1
128 2214 1
128 2220 1
128 2223 1
128 2224 1
130 2041 1
131 2080 1
131 2088 1
132 2078 1
132 2207 1
133 2006 1
134 2088 1
134 2220 1
135 2096 1
136 2055 1
136 2099 1
137 2054 1
137 2072 1
137 2107 1
138 2220 1
139 2003 1
139 2078 1
139 2161 1
140 2097 1
140 2125 1
140 2168 1
140 2214 1
140 2224 1
140 2233 1
142 2076 1
142 2089 1
142 2193 1
142 2194 1
143 2058 1
143 2167 1
144 2053 1
144 2175 1
144 2222 1
145 2008 1
145 2033 1
145 2165 1
146 2160 1
146 2216 1
147 2008 1
147 2072 1
148 2144 1
148 2149 1
148 2163 1
148 2236 1
149 2042 1
149 2125 1
150 2122 1
150 2180 1
151 2073 1
151 2135 1
152 2194 1
154 2004 1
154 2109 1
154 2184 1
156 2121 1
156 2138 1
157 2168 1
157 2220 1
158 2105 1
159 2029 1
159 2037 1
159 2144 1
159 2159 1
159 2218 1
159 2243 1
160 2167 1
160 2190 1
161 2152 1
161 2209 1
162 2008 1
162 2054 1
163 2001 1
163 2074 1
164 2041 1
164 2063 1
164 2148 1
165 2173 1
165 2215 1
166 2216 1
166 2223 1
167 2009 1
167 2165 1
167 2182 1
168 2004 1
168 2072 1
168 2074 1
168 2214 1
169 2170 1
169 2247 1
170 2144 1
170 2173 1
171 2088 1
171 2158 1
172 2167 1
173 2045 1
173 2185 1
174 2083 1
174 2112 1
175 2076 1
175 2124 1
175 2184 1
175 2244 1
176 2038 1
176 2172 1
176 2192 1
176 2222 1
176 2231 1
177 2035 1
177 2212 1
178 2053 1
178 2091 1
178 2109 1
178 2250 1
179 2036 1
179 2039 1
179 2206 1
180 2003 1
180 2109 1
180 2148 1
180 2181 1
181 2165 1
182 2046 1
182 2189 1
183 2125 1
183 2213 1
183 2245 1
184 2003 1
184 2079 1
184 2249 1
185 2094 1
185 2108 1
186 2134 1
186 2221 1
187 2049 1
187 2221 1
187 2240 1
188 2135 1
188 2245 1
189 2048 1
189 2140 1
189 2150 1
189 2154 1
189 2157 1
190 2200 1
190 2215 1
191 2110 1
191 2226 1
192 2149 1
193 2005 1
193 2205 1
194 2089 1
194 2118 1
194 2165 1
195 2071 1
195 2161 1
195 2203 1
196 2002 1
197 2001 1
198 2049 1
198 2170 1
199 2048 1
199 2160 1
200 2039 1
200 2170 1
200 2211 1
201 2022 1
201 2049 1
201 2221 1
201 2226 1
202 2016 1
202 2138 1
202 2164 1
203 2228 1
203 2244 1
204 2059 1
204 2088 1
204 2144 1
205 2008 1
205 2071 1
205 2142 1
206 2029 1
206 2073 1
206 2122 1
207 2040 1
207 2134 1
207 2201 1
208 2109 1
209 2008 1
209 2140 1
210 2088 1
210 2145 1
211 2085 1
211 2138 1
211 2193 1
212 2026 1
212 2059 1
212 2098 1
212 2102 1
213 2039 1
214 2046 1
214 2075 1
214 2194 1
215 2120 1
215 2163 1
216 2059 1
216 2132 1
216 2182 1
217 2063 1
217 2109 1
218 2029 1
218 2099 1
218 2138 1
218 2219 1
218 2233 1
220 2110 1
220 2219 1
221 2227 1
221 2235 1
222 2060 1
223 2053 1
223 2200 1
223 2207 1
223 2212 1
224 2161 1
224 2213 1
225 2126 1
225 2173 1
226 2221 1
226 2231 1
228 2023 1
228 2109 1
228 2196 1
229 2088 1
229 2092 1
229 2185 1
230 2158 1
231 2058 1
231 2179 1
231 2240 1
232 2057 1
232 2125 1
233 2007 1
233 2136 1
233 2180 1
234 2196 1
234 2208 1
235 2240 1
236 2153 1
237 2173 1
238 2077 1
238 2079 1
238 2152 1
238 2198 1
239 2166 1
239 2170 1
239 2234 1
240 2135 1
241 2053 1
242 2016 1
242 2122 1
242 2180 1
243 2038 1
243 2053 1
243 2066 1
243 2104 1
243 2138 1
244 2077 1
244 2112 1
245 2066 1
245 2143 1
245 2175 1
245 2199 1
246 2105 1
246 2112 1
246 2162 1
247 2080 1
247 2133 1
247 2191 1
247 2196 1
248 2132 1
248 2159 1
249 2086 1
249 2103 1
249 2212 1
250 2071 1
250 2179 1
251 2014 1
251 2204 1
251 2249 1
252 2020 1
252 2207 1
253 2044 1
253 2165 1
253 2244 1
254 2078 1
254 2189 1
255 2020 1
255 2096 1
255 2167 1
256 2197 1
256 2236 1
257 2008 1
257 2011 1
257 2022 1
257 2083 1
258 2156 1
258 2203 1
259 2082 1
259 2171 1
259 2215 1
259 2241 1
260 2104 1
260 2146 1
262 2170 1
263 2054 1
263 2065 1
263 2127 1
263 2208 1
264 2046 1
264 2162 1
264 2245 1
265 2050 1
265 2211 1
265 2231 1
265 2246 1
265 2249 1
266 2114 1
266 2185 1
267 2177 1
269 2132 1
270 2072 1
270 2103 1
271 2031 1
271 2090 1
271 2094 1
271 2113 1
272 2012 1
272 2065 1
272 2118 1
272 2250 1
273 2039 1
273 2089 1
273 2120 1
273 2225 1
274 2027 1
274 2052 1
274 2171 1
275 2065 1
275 2121 1
275 2223 1
276 2016 1
276 2093 1
276 2240 1
277 2024 1
277 2061 1
277 2093 1
277 2099 1
277 2190 1
277 2228 1
277 2229 1
278 2128 1
278 2166 1
279 2117 1
280 2072 1
280 2090 1
280 2113 1
280 2207 1
281 2068 1
282 2230 1
283 2132 1
283 2193 1
283 2196 1
284 2015 1
284 2162 1
285 2080 1
286 2126 1
286 2207 1
287 2088 1
287 2148 1
287 2175 1
287 2199 1
288 2129 1
288 2169 1
288 2246 1
289 2125 1
289 2203 1
290 2015 1
290 2165 1
292 2028 1
292 2122 1
292 2200 1
293 2029 1
293 2118 1
293 2198 1
293 2199 1
293 2216 1
293 2235 1
295 2026 1
295 2105 1
296 2048 1
296 2249 1
297 2022 1
297 2183 1
298 2092 1
298 2248 1
299 2042 1
299 2052 1
299 2226 1
300 2002 1
300 2028 1
300 2153 1
301 2023 1
301 2032 1
301 2145 1
301 2230 1
302 2131 1
303 2052 1
304 2173 1
304 2230 1
305 2076 1
305 2182 1
305 2229 1
306 2069 1
306 2084 1
306 2234 1
307 2004 1
307 2063 1
307 2079 1
307 2091 1
307 2154 1
308 2137 1
308 2145 1
308 2162 1
309 2032 1
309 2090 1
309 2106 1
309 2249 1
311 2044 1
311 2098 1
311 2100 1
311 2137 1
311 2234 1
312 2099 1
312 2167 1
312 2228 1
313 2160 1
314 2022 1
314 2057 1
314 2177 1
314 2249 1
315 2211 1
316 2004 1
316 2092 1
316 2190 1
317 2050 1
317 2193 1
317 2195 1
317 2206 1
318 2112 1
318 2132 1
319 2101 1
319 2117 1
320 2002 1
320 2035 1
320 2065 1
320 2100 1
320 2175 1
321 2052 1
321 2161 1
321 2165 1
322 2135 1
323 2075 1
323 2087 1
323 2105 1
324 2234 1
325 2151 1
326 2092 1
326 2184 1
326 2185 1
326 2212 1
326 2243 1
326 2250 1
327 2031 1
327 2079 1
328 2082 1
328 2162 1
328 2189 1
328 2242 1
329 2042 1
329 2155 1
329 2209 1
330 2102 1
330 2145 1
331 2090 1
331 2204 1
331 2244 1
332 2020 1
332 2021 1
332 2187 1
334 2052 1
334 2115 1
334 2140 1
334 2142 1
334 2173 1
335 2004 1
335 2008 1
335 2164 1
336 2033 1
336 2069 1
336 2186 1
336 2231 1
337 2098 1
337 2133 1
337 2178 1
338 2045 1
338 2067 1
338 2157 1
339 2121 1
339 2244 1
341 2096 1
342 2035 1
342 2099 1
342 2215 1
344 2098 1
344 2192 1
344 2201 1
344 2244 1
345 2051 1
345 2131 1
346 2042 1
346 2101 1
346 2105 1
347 2082 1
348 2222 1
349 2029 1
349 2169 1
349 2174 1
349 2182 1
350 2020 1
350 2175 1
350 2180 1
351 2083 1
351 2095 1
352 2196 1
352 2247 1
353 2002 1
353 2048 1
354 2109 1
354 2162 1
354 2227 1
355 2062 1
355 2120 1
355 2128 1
356 2036 1
356 2053 1
356 2054 1
356 2106 1
356 2128 1
357 2005 1
357 2042 1
357 2108 1
357 2245 1
358 2027 1
358 2070 1
358 2103 1
359 2016 1
359 2113 1
359 2131 1
359 2153 1
359 2194 1
360 2024 1
360 2210 1
361 2136 1
362 2030 1
362 2094 1
363 2116 1
363 2140 1
364 2114 1
364 2200 1
365 2069 1
366 2010 1
366 2144 1
366 2170 1
366 2174 1
366 2198 1
368 2108 1
369 2073 1
369 2177 1
369 2229 1
370 2035 1
371 2006 1
371 2025 1
371 2037 1
371 2209 1
372 2007 1
372 2159 1
372 2170 1
372 2208 1
372 2235 1
373 2058 1
373 2175 1
374 2011 1
374 2107 1
374 2137 1
374 2184 1
375 2019 1
375 2097 1
376 2037 1
376 2074 1
376 2086 1
376 2120 1
376 2169 1
377 2051 1
378 2152 1
378 2191 1
379 2087 1
379 2143 1
380 2022 1
380 2219 1
381 2084 1
381 2151 1
381 2221 1
382 2061 1
382 2078 1
382 2090 1
382 2188 1
382 2249 1
383 2026 1
383 2129 1
384 2001 1
385 2073 1
385 2190 1
386 2160 1
387 2004 1
387 2155 1
387 2250 1
388 2152 1
389 2014 1
389 2234 1
389 2248 1
390 2217 1
391 2145 1
392 2033 1
393 2022 1
394 2127 1
394 2148 1
395 2192 1
396 2068 1
397 2058 1
397 2237 1
398 2052 1
398 2092 1
398 2149 1
398 2230 1
399 2076 1
399 2202 1
400 2158 1
400 2186 1
401 2114 1
402 2227 1
403 2086 1
403 2139 1
403 2208 1
403 2250 1
404 2209 1
406 2055 1
406 2227 1
407 2041 1
408 2182 1
408 2241 1
409 2046 1
409 2142 1
410 2043 1
410 2106 1
410 2184 1
410 2237 1
412 2193 1
413 2240 1
414 2064 1
415 2108 1
415 2130 1
415 2211 1
415 2229 1
416 2027 1
416 2072 1
416 2173 1
417 2031 1
417 2102 1
417 2137 1
418 2225 1
419 2016 1
419 2143 1
420 2012 1
420 2039 1
420 2117 1
420 2146 1
420 2235 1
421 2211 1
421 2227 1
421 2243 1
422 2090 1
422 2240 1
423 2082 1
423 2083 1
423 2154 1
423 2156 1
424 2093 1
424 2145 1
424 2187 1
425 2157 1
425 2164 1
426 2005 1
426 2120 1
426 2172 1
426 2243 1
427 2035 1
427 2048 1
428 2031 1
428 2188 1
429 2163 1
429 2212 1
430 2045 1
430 2173 1
430 2227 1
431 2185 1
432 2042 1
433 2026 1
433 2041 1
433 2195 1
434 2086 1
434 2104 1
434 2147 1
435 2091 1
435 2145 1
435 2154 1
435 2179 1
435 2242 1
436 2012 1
436 2158 1
437 2103 1
437 2123 1
437 2134 1
438 2171 1
438 2213 1
439 2009 1
439 2096 1
439 2143 1
439 2207 1
439 2240 1
440 2107 1
441 2109 1
441 2229 1
441 2236 1
442 2022 1
442 2036 1
442 2152 1
443 2147 1
443 2228 1
444 2024 1
444 2089 1
445 2007 1
445 2098 1
445 2177 1
445 2181 1
445 2214 1
445 2232 1
446 2095 1
446 2127 1
446 2182 1
447 2009 1
447 2244 1
448 2038 1
448 2089 1
448 2092 1
448 2126 1
449 2028 1
449 2032 1
449 2116 1
450 2163 1
450 2208 1
451 2077 1
451 2131 1
451 2211 1
452 2093 1
452 2231 1
453 2131 1
454 2191 1
455 2154 1
456 2044 1
456 2233 1
458 2054 1
458 2158 1
458 2222 1
459 2074 1
459 2085 1
459 2108 1
459 2176 1
459 2179 1
459 2221 1
460 2149 1
461 2164 1
461 2172 1
461 2198 1
462 2149 1
462 2201 1
462 2243 1
463 2029 1
463 2210 1
464 2110 1
464 2153 1
464 2208 1
465 2053 1
465 2071 1
465 2211 1
466 2029 1
466 2037 1
466 2167 1
466 2186 1
466 2198 1
466 2206 1
467 2002 1
467 2229 1
468 2021 1
468 2056 1
468 2170 1
468 2228 1
469 2034 1
470 2216 1
471 2190 1
471 2214 1
471 2235 1
471 2248 1
472 2148 1
472 2161 1
473 2038 1
473 2052 1
473 2140 1
473 2170 1
474 2002 1
474 2034 1
475 2062 1
475 2093 1
475 2126 1
475 2240 1
476 2017 1
476 2107 1
476 2170 1
476 2178 1
476 2230 1
477 2024 1
477 2084 1
477 2147 1
478 2051 1
479 2016 1
479 2038 1
479 2072 1
479 2156 1
479 2188 1
479 2201 1
479 2231 1
480 2059 1
480 2072 1
480 2078 1
480 2162 1
480 2167 1
481 2061 1
482 2126 1
482 2199 1
483 2153 1
483 2247 1
484 2084 1
485 2001 1
485 2139 1
485 2183 1
485 2226 1
487 2167 1
487 2216 1
488 2171 1
488 2242 1
490 2038 1
490 2230 1
491 2168 1
491 2204 1
492 2067 1
493 2004 1
494 2211 1
495 2071 1
496 2111 1
496 2202 1
497 2189 1
497 2193 1
498 2055 1
499 2007 1
499 2129 1
499 2215 1
500 2089 1
501 2149 1
502 2100 1
502 2129 1
502 2179 1
502 2208 1
503 2038 1
503 2071 1
503 2087 1
503 2105 1
503 2112 1
504 2121 1
505 2067 1
505 2101 1
505 2202 1
506 2041 1
506 2206 1
508 2009 1
508 2240 1
509 2052 1
509 2190 1
510 2120 1
510 2164 1
510 2205 1
511 2187 1
512 2085 1
512 2153 1
513 2026 1
513 2064 1
513 2218 1
514 2217 1
515 2118 1
515 2138 1
515 2172 1
516 2065 1
516 2192 1
517 2143 1
517 2170 1
517 2177 1
518 2059 1
518 2187 1
518 2209 1
518 2223 1
519 2031 1
519 2116 1
519 2123 1
519 2214 1
520 2022 1
520 2036 1
521 2041 1
521 2172 1
522 2018 1
522 2030 1
522 2123 1
523 2096 1
523 2204 1
525 2028 1
525 2079 1
525 2143 1
526 2088 1
527 2040 1
527 2095 1
527 2224 1
528 2037 1
528 2094 1
528 2220 1
529 2022 1
529 2055 1
529 2146 1
529 2159 1
529 2180 1
529 2188 1
530 2081 1
530 2122 1
530 2248 1
531 2194 1
531 2227 1
532 2136 1
532 2186 1
533 2028 1
533 2061 1
533 2108 1
533 2185 1
533 2250 1
534 2137 1
534 2230 1
535 2229 1
536 2088 1
536 2096 1
536 2114 1
537 2086 1
537 2125 1
537 2184 1
538 2094 1
538 2185 1
539 2131 1
540 2038 1
540 2091 1
540 2130 1
540 2209 1
540 2219 1
540 2248 1
541 2005 1
541 2050 1
541 2062 1
542 2071 1
542 2205 1
542 2208 1
543 2016 1
543 2040 1
543 2116 1
544 2015 1
544 2074 1
544 2170 1
545 2097 1
545 2160 1
545 2193 1
545 2239 1
546 2004 1
546 2012 1
546 2038 1
546 2207 1
547 2008 1
547 2099 1
547 2110 1
548 2111 1
548 2156 1
548 2196 1
548 2236 1
549 2093 1
549 2098 1
550 2084 1
550 2199 1
551 2058 1
551 2077 1
551 2091 1
551 2192 1
551 2209 1
552 2012 1
552 2063 1
552 2161 1
553 2115 1
553 2187 1
553 2212 1
555 2048 1
555 2216 1
556 2064 1
556 2096 1
556 2133 1
556 2142 1
556 2182 1
557 2032 1
557 2033 1
557 2246 1
558 2048 1
559 2059 1
560 2103 1
561 2076 1
561 2215 1
562 2081 1
562 2211 1
563 2169 1
564 2042 1
564 2180 1
564 2220 1
565 2009 1
565 2070 1
565 2117 1
565 2199 1
566 2033 1
566 2103 1
566 2166 1
566 2212 1
567 2072 1
567 2100 1
568 2050 1
568 2165 1
568 2198 1
568 2247 1
569 2235 1
570 2050 1
570 2146 1
570 2164 1
570 2238 1
571 2225 1
572 2015 1
572 2170 1
573 2052 1
573 2102 1
573 2120 1
574 2051 1
574 2178 1
574 2229 1
575 2140 1
575 2223 1
575 2250 1
576 2011 1
576 2012 1
576 2219 1
576 2231 1
576 2248 1
577 2113 1
577 2117 1
577 2248 1
578 2068 1
579 2078 1
579 2211 1
580 2198 1
580 2217 1
581 2106 1
581 2162 1
581 2175 1
581 2176 1
582 2153 1
583 2036 1
583 2078 1
583 2167 1
583 2232 1
583 2235 1
584 2040 1
584 2112 1
584 2225 1
585 2193 1
586 2070 1
586 2198 1
587 2087 1
587 2154 1
587 2173 1
587 2194 1
587 2231 1
588 2244 1
589 2105 1
590 2172 1
591 2032 1
591 2050 1
591 2169 1
591 2234 1
592 2037 1
592 2232 1
593 2067 1
593 2078 1
593 2114 1
594 2157 1
594 2220 1
595 2081 1
595 2233 1
596 2176 1
596 2180 1
597 2052 1
597 2182 1
597 2239 1
598 2053 1
598 2069 1
598 2215 1
599 2114 1
599 2142 1
600 2021 1
600 2038 1
600 2196 1
600 2212 1
600 2248 1
601 2048 1
602 2067 1
602 2139 1
603 2121 1
603 2145 1
603 2147 1
603 2155 1
604 2014 1
604 2234 1
605 2049 1
605 2111 1
605 2166 1
605 2182 1
605 2190 1
605 2213 1
606 2071 1
606 2118 1
606 2161 1
606 2163 1
607 2199 1
607 2212 1
608 2042 1
608 2112 1
609 2036 1
609 2248 1
610 2017 1
610 2077 1
610 2125 1
610 2191 1
610 2219 1
611 2197 1
612 2064 1
613 2025 1
613 2145 1
614 2141 1
614 2190 1
614 2208 1
614 2235 1
616 2054 1
616 2163 1
617 2060 1
617 2189 1
617 2191 1
617 2217 1
617 2237 1
618 2033 1
618 2107 1
618 2178 1
618 2230 1
619 2052 1
619 2053 1
619 2236 1
620 2110 1
620 2137 1
621 2241 1
623 2183 1
624 2097 1
624 2123 1
624 2176 1
625 2003 1
625 2010 1
625 2024 1
625 2198 1
625 2243 1
626 2079 1
626 2096 1
626 2115 1
626 2184 1
627 2013 1
627 2016 1
627 2202 1
628 2234 1
629 2020 1
629 2144 1
630 2028 1
630 2122 1
630 2128 1
631 2010 1
631 2244 1
632 2008 1
632 2056 1
632 2201 1
633 2112 1
633 2141 1
633 2213 1
634 2061 1
634 2151 1
635 2160 1
636 2091 1
636 2134 1
637 2015 1
637 2031 1
637 2099 1
638 2036 1
638 2116 1
638 2223 1
639 2014 1
639 2072 1
639 2145 1
640 2003 1
640 2156 1
640 2227 1
641 2057 1
641 2141 1
641 2194 1
641 2216 1
642 2087 1
642 2130 1
642 2212 1
643 2105 1
644 2022 1
644 2057 1
644 2182 1
645 2030 1
645 2041 1
645 2140 1
646 2049 1
647 2041 1
647 2074 1
647 2158 1
647 2165 1
647 2244 1
648 2244 1
649 2190 1
650 2001 1
651 2228 1
652 2018 1
652 2149 1
653 2024 1
653 2038 1
653 2151 1
654 2012 1
654 2054 1
654 2217 1
655 2018 1
655 2062 1
656 2095 1
656 2104 1
657 2106 1
657 2239 1
658 2015 1
660 2156 1
660 2194 1
661 2112 1
661 2148 1
661 2210 1
662 2040 1
662 2163 1
662 2200 1
662 2226 1
663 2082 1
663 2155 1
663 2166 1
664 2104 1
664 2105 1
666 2026 1
667 2242 1
668 2079 1
668 2108 1
668 2120 1
669 2150 1
669 2228 1
670 2036 1
670 2115 1
670 2164 1
670 2238 1
671 2079 1
671 2088 1
671 2111 1
671 2243 1
672 2006 1
672 2065 1
672 2072 1
672 2121 1
672 2123 1
673 2012 1
673 2071 1
673 2116 1
674 2104 1
675 2120 1
675 2137 1
675 2207 1
676 2031 1
676 2072 1
676 2126 1
676 2189 1
677 2076 1
677 2081 1
677 2084 1
677 2109 1
678 2050 1
678 2066 1
678 2118 1
678 2130 1
678 2176 1
680 2142 1
680 2244 1
681 2044 1
681 2098 1
681 2229 1
682 2245 1
683 2061 1
683 2071 1
684 2173 1
684 2183 1
686 2148 1
686 2219 1
686 2238 1
687 2009 1
687 2140 1
687 2235 1
687 2240 1
688 2055 1
688 2135 1
688 2136 1
688 2152 1
689 2012 1
689 2093 1
689 2113 1
689 2127 1
689 2207 1
691 2038 1
691 2234 1
692 2097 1
693 2118 1
693 2208 1
694 2040 1
695 2086 1
695 2095 1
696 2069 1
696 2104 1
697 2127 1
697 2162 1
698 2013 1
698 2014 1
698 2026 1
698 2091 1
698 2099 1
698 2117 1
698 2143 1
699 2135 1
699 2149 1
699 2213 1
700 2243 1
701 2044 1
701 2084 1
701 2146 1
701 2222 1
702 2040 1
702 2245 1
703 2062 1
703 2078 1
703 2206 1
704 2063 1
704 2066 1
704 2125 1
704 2145 1
704 2157 1
704 2159 1
705 2022 1
705 2117 1
706 2036 1
706 2042 1
708 2025 1
708 2118 1
708 2192 1
708 2197 1
708 2214 1
709 2026 1
709 2220 1
710 2094 1
710 2125 1
710 2136 1
710 2244 1
711 2043 1
711 2063 1
711 2134 1
712 2065 1
712 2160 1
713 2080 1
713 2089 1
713 2137 1
713 2142 1
713 2228 1
714 2052 1
714 2081 1
714 2131 1
714 2180 1
715 2032 1
715 2042 1
715 2139 1
715 2226 1
716 2046 1
716 2056 1
716 2089 1
716 2124 1
716 2167 1
717 2125 1
717 2182 1
717 2235 1
718 2049 1
718 2121 1
718 2136 1
718 2244 1
718 2245 1
719 2022 1
719 2225 1
720 2120 1
720 2231 1
721 2033 1
721 2090 1
721 2130 1
721 2137 1
722 2031 1
723 2009 1
723 2095 1
723 2238 1
724 2167 1
725 2085 1
725 2132 1
726 2040 1
726 2097 1
726 2115 1
727 2027 1
727 2095 1
727 2129 1
727 2182 1
728 2241 1
729 2154 1
730 2036 1
730 2221 1
730 2238 1
731 2150 1
732 2080 1
732 2084 1
732 2177 1
732 2188 1
733 2131 1
733 2193 1
734 2025 1
735 2071 1
735 2091 1
735 2106 1
736 2212 1
737 2212 1
737 2220 1
738 2174 1
738 2221 1
738 2246 1
739 2087 1
739 2100 1
739 2205 1
740 2112 1
740 2149 1
740 2224 1
740 2231 1
740 2237 1
741 2019 1
741 2039 1
741 2145 1
741 2225 1
741 2250 1
742 2100 1
742 2139 1
743 2003 1
743 2041 1
743 2068 1
743 2069 1
743 2201 1
743 2202 1
744 2054 1
744 2113 1
745 2129 1
745 2176 1
745 2198 1
746 2067 1
746 2141 1
746 2168 1
746 2222 1
747 2012 1
747 2113 1
747 2189 1
748 2015 1
748 2047 1
748 2145 1
748 2158 1
748 2238 1
749 2149 1
749 2192 1
750 2054 1
750 2233 1
751 2029 1
751 2199 1
753 2016 1
754 2072 1
754 2084 1
754 2185 1
755 2037 1
755 2057 1
756 2072 1
757 2098 1
757 2171 1
757 2184 1
758 2245 1
759 2215 1
759 2222 1
760 2016 1
760 2038 1
760 2062 1
760 2063 1
760 2089 1
761 2116 1
761 2226 1
762 2066 1
762 2116 1
763 2120 1
763 2230 1
764 2142 1
764 2155 1
764 2176 1
764 2212 1
764 2240 1
765 2067 1
765 2120 1
765 2147 1
765 2162 1
765 2178 1
767 2071 1
767 2231 1
768 2119 1
768 2138 1
769 2145 1
769 2205 1
770 2017 1
770 2225 1
770 2250 1
771 2111 1
771 2114 1
772 2101 1
772 2161 1
773 2027 1
773 2084 1
774 2054 1
774 2138 1
774 2231 1
775 2082 1
775 2228 1
776 2054 1
777 2216 1
779 2003 1
779 2197 1
779 2221 1
780 2054 1
780 2116 1
781 2020 1
781 2099 1
782 2039 1
782 2046 1
782 2156 1
782 2162 1
783 2004 1
783 2111 1
783 2122 1
783 2136 1
784 2057 1
784 2070 1
784 2113 1
785 2078 1
785 2163 1
786 2106 1
787 2016 1
787 2062 1
787 2179 1
787 2203 1
787 2242 1
788 2048 1
788 2049 1
788 2094 1
788 2163 1
789 2095 1
789 2172 1
789 2178 1
789 2236 1
790 2062 1
790 2090 1
790 2093 1
790 2190 1
792 2002 1
792 2117 1
792 2154 1
793 2076 1
795 2011 1
795 2068 1
795 2198 1
796 2026 1
796 2044 1
796 2220 1
796 2228 1
796 2232 1
797 2011 1
797 2094 1
797 2116 1
797 2179 1
798 2040 1
798 2061 1
798 2146 1
798 2154 1
798 2226 1
799 2110 1
800 2010 1
800 2111 1
800 2205 1
801 2047 1
801 2062 1
801 2233 1
802 2129 1
802 2234 1
803 2021 1
803 2178 1
803 2200 1
804 2042 1
805 2041 1
805 2130 1
805 2150 1
805 2182 1
806 2005 1
806 2095 1
806 2175 1
806 2204 1
807 2098 1
807 2134 1
807 2138 1
807 2238 1
809 2045 1
809 2096 1
809 2171 1
809 2195 1
810 2009 1
810 2163 1
811 2235 1
812 2106 1
812 2229 1
813 2072 1
813 2132 1
813 2149 1
814 2031 1
814 2174 1
815 2002 1
815 2072 1
815 2078 1
815 2089 1
816 2037 1
816 2039 1
817 2207 1
818 2116 1
818 2149 1
819 2003 1
820 2181 1
821 2153 1
821 2195 1
821 2241 1
822 2078 1
822 2244 1
823 2156 1
824 2002 1
824 2111 1
824 2152 1
824 2200 1
825 2005 1
826 2053 1
826 2066 1
827 2014 1
827 2039 1
827 2157 1
828 2074 1
828 2174 1
829 2109 1
830 2027 1
830 2077 1
830 2151 1
831 2072 1
831 2141 1
831 2147 1
832 2081 1
832 2099 1
832 2125 1
833 2015 1
833 2231 1
834 2083 1
834 2084 1
834 2127 1
834 2149 1
834 2215 1
835 2003 1
836 2028 1
836 2236 1
838 2249 1
839 2022 1
839 2065 1
840 2067 1
840 2095 1
840 2107 1
840 2228 1
841 2001 1
841 2168 1
841 2203 1
842 2019 1
842 2141 1
842 2155 1
843 2033 1
843 2048 1
843 2183 1
843 2196 1
843 2250 1
844 2012 1
844 2033 1
844 2080 1
844 2226 1
845 2163 1
845 2188 1
845 2207 1
846 2149 1
847 2156 1
847 2182 1
848 2011 1
848 2120 1
848 2184 1
849 2076 1
849 2129 1
849 2159 1
850 2157 1
850 2245 1
850 2248 1
851 2149 1
852 2017 1
852 2056 1
853 2245 1
854 2115 1
855 2088 1
855 2242 1
856 2024 1
856 2026 1
856 2110 1
856 2118 1
856 2169 1
856 2215 1
856 2232 1
857 2102 1
857 2189 1
858 2106 1
858 2191 1
858 2204 1
859 2164 1
859 2189 1
859 2200 1
859 2227 1
860 2001 1
861 2010 1
862 2138 1
862 2233 1
863 2015 1
863 2058 1
863 2070 1
863 2086 1
864 2076 1
864 2190 1
865 2018 1
865 2192 1
865 2229 1
866 2051 1
866 2150 1
866 2168 1
866 2241 1
867 2220 1
868 2106 1
868 2198 1
869 2099 1
869 2106 1
869 2187 1
869 2232 1
870 2124 1
870 2125 1
870 2142 1
871 2092 1
872 2044 1
872 2115 1
872 2155 1
872 2169 1
872 2241 1
873 2055 1
873 2176 1
873 2178 1
873 2237 1
874 2046 1
874 2107 1
874 2127 1
874 2165 1
874 2194 1
875 2066 1
875 2094 1
875 2137 1
876 2004 1
876 2104 1
876 2160 1
877 2036 1
877 2043 1
877 2090 1
878 2013 1
878 2180 1
879 2039 1
879 2092 1
880 2050 1
880 2136 1
880 2153 1
881 2103 1
881 2143 1
881 2215 1
881 2249 1
882 2154 1
883 2042 1
883 2144 1
884 2002 1
884 2064 1
884 2088 1
884 2154 1
884 2160 1
885 2067 1
885 2099 1
885 2127 1
885 2168 1
886 2045 1
886 2112 1
887 2010 1
887 2082 1
888 2010 1
888 2055 1
888 2155 1
889 2168 1
889 2181 1
889 2222 1
890 2027 1
890 2065 1
890 2122 1
890 2167 1
891 2034 1
891 2173 1
892 2166 1
892 2215 1
893 2064 1
893 2100 1
893 2115 1
893 2144 1
894 2121 1
894 2193 1
894 2220 1
895 2034 1
895 2041 1
895 2071 1
895 2127 1
896 2106 1
896 2154 1
896 2191 1
896 2246 1
897 2016 1
897 2026 1
897 2062 1
897 2068 1
898 2084 1
899 2013 1
899 2173 1
899 2238 1
900 2016 1
900 2096 1
900 2191 1
901 2064 1
901 2215 1
902 2037 1
902 2193 1
903 2153 1
903 2172 1
904 2123 1
904 2197 1
904 2250 1
905 2021 1
905 2038 1
905 2159 1
905 2226 1
906 2103 1
906 2170 1
906 2217 1
907 2039 1
907 2046 1
907 2049 1
907 2060 1
907 2076 1
908 2025 1
908 2095 1
909 2135 1
909 2146 1
909 2213 1
910 2001 1
910 2053 1
910 2134 1
910 2153 1
910 2168 1
911 2152 1
911 2197 1
911 2201 1
912 2212 1
913 2015 1
913 2235 1
914 2081 1
914 2119 1
914 2157 1
915 2011 1
915 2038 1
915 2082 1
917 2020 1
917 2022 1
917 2117 1
918 2146 1
918 2192 1
919 2028 1
919 2042 1
920 2048 1
920 2133 1
921 2030 1
921 2097 1
921 2153 1
922 2159 1
922 2187 1
923 2089 1
923 2109 1
923 2225 1
924 2180 1
925 2001 1
925 2091 1
925 2122 1
926 2048 1
926 2135 1
926 2250 1
927 2038 1
927 2059 1
928 2035 1
928 2055 1
929 2049 1
930 2188 1
930 2198 1
930 2218 1
930 2222 1
931 2022 1
931 2075 1
931 2141 1
931 2198 1
932 2180 1
932 2212 1
932 2234 1
933 2070 1
933 2220 1
934 2179 1
934 2206 1
935 2221 1
935 2235 1
936 2017 1
936 2097 1
937 2141 1
938 2105 1
939 2025 1
939 2028 1
939 2064 1
939 2116 1
940 2097 1
940 2187 1
941 2077 1
941 2121 1
941 2161 1
942 2188 1
942 2228 1
942 2242 1
943 2192 1
944 2085 1
944 2161 1
944 2185 1
944 2239 1
945 2011 1
945 2136 1
946 2013 1
946 2090 1
946 2169 1
947 2001 1
947 2020 1
947 2200 1
947 2235 1
948 2004 1
948 2108 1
948 2129 1
948 2142 1
949 2071 1
949 2081 1
950 2012 1
950 2072 1
950 2140 1
950 2203 1
951 2093 1
952 2218 1
952 2245 1
953 2023 1
953 2105 1
954 2093 1
954 2102 1
954 2122 1
954 2168 1
954 2190 1
954 2234 1
955 2055 1
955 2113 1
955 2231 1
956 2017 1
956 2024 1
956 2079 1
957 2209 1
958 2163 1
959 2123 1
959 2134 1
959 2165 1
959 2210 1
960 2098 1
960 2244 1
961 2156 1
962 2017 1
962 2222 1
963 2146 1
963 2245 1
965 2095 1
966 2003 1
966 2231 1
966 2239 1
967 2029 1
967 2189 1
968 2056 1
968 2244 1
969 2019 1
969 2045 1
969 2172 1
969 2174 1
969 2206 1
969 2209 1
970 2001 1
970 2124 1
970 2152 1
970 2207 1
970 2215 1
970 2220 1
971 2106 1
971 2220 1
972 2054 1
972 2063 1
973 2066 1
973 2076 1
973 2158 1
973 2160 1
974 2024 1
974 2026 1
974 2055 1
975 2093 1
976 2065 1
976 2087 1
977 2024 1
977 2127 1
977 2250 1
978 2132 1
978 2229 1
979 2019 1
979 2095 1
979 2169 1
980 2092 1
980 2163 1
980 2187 1
981 2148 1
981 2192 1
982 2009 1
982 2042 1
982 2054 1
982 2058 1
982 2106 1
983 2003 1
983 2012 1
983 2176 1
984 2204 1
985 2049 1
985 2173 1
986 2094 1
986 2098 1
988 2189 1
988 2234 1
989 2057 1
989 2165 1
990 2082 1
990 2167 1
990 2229 1
991 2027 1
991 2096 1
991 2112 1
992 2055 1
992 2122 1
992 2139 1
993 2159 1
994 2048 1
994 2094 1
994 2110 1
995 2008 1
995 2111 1
995 2168 1
995 2207 1
995 2246 1
996 2058 1
997 2099 1
997 2220 1
997 2239 1
998 2162 1
998 2213 1
999 2044 1
999 2239 1
1000 2042 1
1000 2145 1
1001 2166 1
1001 2169 1
1001 2191 1
1001 2225 1
1002 2010 1
1002 2044 1
1002 2125 1
1002 2128 1
1003 2021 1
1003 2130 1
1003 2137 1
1004 2091 1
1004 2121 1
1004 2170 1
1004 2181 1
1005 2060 1
1005 2109 1
1007 2040 1
1008 2003 1
1008 2020 1
1008 2116 1
1008 2153 1
1009 2183 1
1010 2232 1
1010 2245 1
1011 2113 1
1012 2013 1
1012 2081 1
1012 2244 1
1013 2001 1
1013 2034 1
1013 2090 1
1013 2188 1
1014 2087 1
1014 2160 1
1015 2136 1
1015 2159 1
1015 2245 1
1016 2170 1
1016 2231 1
1017 2124 1
1017 2173 1
1018 2071 1
1018 2089 1
1018 2230 1
1019 2063 1
1019 2131 1
1019 2157 1
1020 2222 1
1020 2233 1
1021 2094 1
1021 2165 1
1021 2190 1
1022 2134 1
1022 2212 1
1022 2236 1
1023 2223 1
1023 2227 1
1023 2248 1
1024 2201 1
1025 2025 1
1025 2094 1
1025 2244 1
1026 2095 1
1026 2113 1
1026 2157 1
1026 2180 1
1027 2074 1
1027 2159 1
1027 2162 1
1027 2178 1
1028 2056 1
1028 2076 1
1028 2161 1
1028 2172 1
1029 2048 1
1029 2095 1
1029 2125 1
1029 2191 1
1030 2048 1
1030 2058 1
1030 2059 1
1031 2026 1
1031 2245 1
1032 2111 1
1033 2181 1
1033 2226 1
1034 2113 1
1034 2228 1
1035 2030 1
1035 2056 1
1035 2204 1
1035 2236 1
1036 2050 1
1036 2113 1
1036 2152 1
1036 2176 1
1037 2064 1
1037 2114 1
1038 2179 1
1039 2070 1
1040 2178 1
1040 2240 1
1041 2194 1
1042 2024 1
1042 2065 1
1042 2143 1
1042 2190 1
1043 2050 1
1043 2242 1
1044 2013 1
1044 2150 1
1044 2194 1
1044 2235 1
1045 2085 1
1046 2023 1
1046 2042 1
1046 2169 1
1046 2203 1
1046 2206 1
1046 2215 1
1047 2088 1
1047 2089 1
1047 2145 1
1047 2163 1
1048 2155 1
1049 2063 1
1049 2067 1
1049 2184 1
1050 2057 1
1050 2176 1
1051 2155 1
1051 2197 1
1052 2035 1
1052 2069 1
1052 2247 1
1053 2204 1
1053 2214 1
1054 2064 1
1054 2111 1
1055 2121 1
1056 2120 1
1056 2235 1
1056 2237 1
1057 2038 1
1058 2028 1
1058 2059 1
1058 2196 1
1058 2230 1
1059 2229 1
1060 2111 1
1060 2131 1
1060 2210 1
1061 2016 1
1061 2106 1
1061 2171 1
1062 2212 1
1063 2052 1
1063 2055 1
1063 2101 1
1063 2143 1
1064 2154 1
1064 2195 1
1065 2065 1
1066 2094 1
1066 2216 1
1067 2003 1
1067 2075 1
1067 2118 1
1068 2067 1
1069 2055 1
1069 2116 1
1069 2158 1
1069 2230 1
1070 2166 1
1071 2043 1
1072 2027 1
1072 2158 1
1072 2205 1
1073 2146 1
1074 2172 1
1074 2177 1
1074 2186 1
1074 2199 1
1075 2121 1
1076 2009 1
1076 2078 1
1076 2194 1
1077 2063 1
1077 2150 1
1077 2207 1
1078 2032 1
1078 2204 1
1079 2025 1
1079 2026 1
1079 2142 1
1079 2204 1
1080 2047 1
1081 2077 1
1081 2190 1
1082 2091 1
1082 2119 1
1083 2056 1
1084 2021 1
1084 2024 1
1085 2090 1
1085 2162 1
1085 2182 1
1085 2230 1
1086 2140 1
1086 2235 1
1087 2117 1
1088 2035 1
1089 2180 1
1089 2210 1
1090 2039 1
1090 2068 1
1090 2221 1
1091 2067 1
1091 2164 1
1092 2033 1
1092 2053 1
1092 2110 1
1092 2211 1
1093 2022 1
1094 2020 1
1094 2050 1
1094 2163 1
1095 2090 1
1096 2020 1
1096 2025 1
1096 2088 1
1096 2202 1
1097 2089 1
1098 2088 1
1099 2108 1
1099 2233 1
1100 2089 1
1100 2229 1
1101 2134 1
1101 2189 1
1102 2124 1
1102 2245 1
1103 2019 1
1103 2046 1
1103 2093 1
1103 2097 1
1104 2090 1
1104 2099 1
1104 2147 1
1105 2160 1
1105 2192 1
1106 2092 1
1107 2081 1
1107 2239 1
1108 2071 1
1108 2137 1
1108 2223 1
1109 2011 1
1109 2140 1
1109 2156 1
1109 2221 1
1110 2017 1
1110 2035 1
1110 2043 1
1110 2080 1
1111 2105 1
1111 2118 1
1111 2123 1
1111 2188 1
1112 2052 1
1112 2202 1
1112 2203 1
1113 2083 1
1115 2036 1
1115 2233 1
1116 2012 1
1116 2075 1
1116 2089 1
1117 2101 1
1117 2230 1
1117 2238 1
1118 2009 1
1118 2038 1
1118 2082 1
1118 2243 1
1118 2246 1
1119 2084 1
1119 2090 1
1119 2146 1
1120 2111 1
1120 2146 1
1120 2217 1
1120 2227 1
1121 2080 1
1121 2138 1
1121 2215 1
1122 2124 1
1122 2125 1
1123 2026 1
1123 2169 1
1124 2062 1
1124 2230 1
1126 2059 1
1126 2219 1
1127 2132 1
1127 2248 1
1128 2206 1
1128 2240 1
1129 2118 1
1129 2147 1
1130 2233 1
1131 2064 1
1131 2142 1
1132 2005 1
1132 2150 1
1132 2223 1
1132 2233 1
1133 2110 1
1134 2154 1
1134 2202 1
1134 2215 1
1135 2057 1
1135 2104 1
1135 2149 1
1136 2042 1
1136 2067 1
1136 2071 1
1136 2159 1
1137 2063 1
1137 2163 1
1138 2076 1
1138 2225 1
1139 2154 1
1139 2190 1
1139 2220 1
1141 2008 1
1141 2132 1
1142 2001 1
1142 2074 1
1142 2081 1
1142 2228 1
1142 2242 1
1143 2026 1
1143 2032 1
1143 2099 1
1144 2010 1
1144 2086 1
1144 2139 1
1144 2164 1
1146 2052 1
1146 2126 1
1147 2086 1
1147 2099 1
1147 2105 1
1147 2215 1
1147 2235 1
1147 2248 1
1148 2062 1
1148 2119 1
1149 2019 1
1150 2185 1
1151 2228 1
1152 2024 1
1152 2054 1
1152 2063 1
1152 2123 1
1153 2027 1
1153 2089 1
1153 2129 1
1153 2224 1
1154 2132 1
1154 2194 1
1155 2005 1
1155 2007 1
1155 2167 1
1156 2011 1
1157 2031 1
1157 2186 1
1157 2200 1
1158 2154 1
1159 2054 1
1159 2067 1
1159 2185 1
1159 2193 1
1159 2195 1
1160 2093 1
1160 2212 1
1161 2070 1
1161 2171 1
1162 2157 1
1162 2165 1
1163 2016 1
1163 2044 1
1164 2107 1
1164 2137 1
1164 2166 1
1164 2168 1
1165 2109 1
1165 2112 1
1166 2055 1
1166 2168 1
1166 2188 1
1167 2096 1
1167 2157 1
1167 2174 1
1167 2242 1
1168 2062 1
1168 2086 1
1168 2220 1
1169 2030 1
1169 2038 1
1169 2142 1
1169 2216 1
1170 2061 1
1170 2072 1
1171 2125 1
1171 2141 1
1172 2168 1
1174 2003 1
1174 2013 1
1174 2246 1
1174 2250 1
1175 2047 1
1175 2141 1
1176 2109 1
1176 2127 1
1176 2204 1
1177 2009 1
1177 2073 1
1177 2208 1
1179 2235 1
1180 2029 1
1181 2015 1
1181 2031 1
1181 2054 1
1181 2166 1
1181 2217 1
1182 2019 1
1183 2046 1
1183 2054 1
1183 2236 1
1184 2045 1
1184 2131 1
1185 2106 1
1185 2248 1
1186 2139 1
1186 2152 1
1186 2171 1
1186 2173 1
1187 2116 1
1187 2208 1
1188 2017 1
1188 2128 1
1189 2065 1
1189 2110 1
1189 2139 1
1189 2201 1
1190 2010 1
1190 2250 1
1191 2100 1
1191 2152 1
1192 2013 1
1192 2196 1
1193 2135 1
1193 2195 1
1194 2077 1
1194 2149 1
1195 2096 1
1195 2161 1
1195 2239 1
1196 2038 1
1196 2151 1
1197 2197 1
1198 2200 1
1198 2241 1
1198 2244 1
1199 2022 1
1199 2027 1
1199 2059 1
1199 2061 1
1199 2096 1
1199 2207 1
1200 2018 1
1200 2173 1
1200 2198 1
1201 2082 1
1201 2198 1
1201 2242 1
1202 2019 1
1202 2125 1
1203 2122 1
1203 2198 1
1204 2240 1
1205 2018 1
1205 2141 1
1205 2217 1
1206 2004 1
1206 2151 1
1206 2160 1
1207 2221 1
1209 2042 1
1209 2090 1
1209 2136 1
1210 2019 1
1210 2039 1
1210 2197 1
1211 2147 1
1211 2222 1
1212 2107 1
1213 2068 1
1213 2111 1
1213 2175 1
1213 2222 1
1214 2094 1
1214 2190 1
1214 2221 1
1214 2230 1
1215 2117 1
1215 2164 1
1215 2219 1
1216 2017 1
1216 2053 1
1216 2109 1
1217 2103 1
1217 2105 1
1217 2145 1
1217 2183 1
1218 2063 1
1218 2183 1
1219 2004 1
1219 2141 1
1220 2067 1
1220 2126 1
1220 2142 1
1220 2243 1
1221 2012 1
1221 2053 1
1221 2066 1
1221 2096 1
1221 2101 1
1221 2209 1
1222 2045 1
1222 2238 1
1223 2220 1
1224 2012 1
1224 2030 1
1225 2013 1
1225 2018 1
1225 2055 1
1225 2249 1
1226 2053 1
1226 2099 1
1226 2120 1
1226 2162 1
1227 2015 1
1227 2082 1
1227 2103 1
1228 2198 1
1228 2223 1
1229 2107 1
1229 2111 1
1230 2196 1
1231 2037 1
1231 2042 1
1231 2126 1
1232 2118 1
1232 2140 1
1232 2233 1
1232 2240 1
1233 2176 1
1234 2091 1
1234 2129 1
1234 2235 1
1234 2248 1
1235 2071 1
1235 2192 1
1236 2092 1
1236 2193 1
1236 2205 1
1236 2217 1
1237 2002 1
1237 2045 1
1237 2049 1
1238 2235 1
1239 2087 1
1239 2113 1
1239 2145 1
1239 2196 1
1240 2045 1
1240 2126 1
1240 2151 1
1240 2238 1
1241 2113 1
1241 2214 1
1241 2224 1
1242 2063 1
1242 2097 1
1242 2207 1
1243 2023 1
1243 2060 1
1243 2175 1
1244 2126 1
1244 2132 1
1244 2150 1
1245 2067 1
1245 2112 1
1245 2163 1
1248 2113 1
1248 2135 1
1248 2168 1
1249 2010 1
1249 2072 1
1249 2159 1
1250 2205 1
1250 2244 1
1251 2038 1
1251 2125 1
1252 2129 1
1252 2142 1
1252 2149 1
1253 2077 1
1253 2132 1
1254 2164 1
1254 2249 1
1255 2008 1
1255 2129 1
1256 2102 1
1256 2154 1
1256 2177 1
1257 2056 1
1258 2057 1
1258 2172 1
1258 2192 1
1258 2215 1
1259 2059 1
1259 2122 1
1259 2148 1
1259 2231 1
1260 2009 1
1260 2066 1
1261 2230 1
1262 2014 1
1263 2029 1
1263 2193 1
1264 2012 1
1264 2240 1
1265 2009 1
1265 2042 1
1265 2045 1
1265 2074 1
1265 2203 1
1265 2222 1
1266 2093 1
1266 2099 1
1266 2119 1
1266 2174 1
1266 2216 1
1267 2219 1
1268 2093 1
1269 2047 1
1269 2182 1
1270 2047 1
1270 2116 1
1271 2111 1
1271 2140 1
1272 2098 1
1272 2118 1
1273 2089 1
1273 2103 1
1274 2215 1
1274 2216 1
1275 2052 1
1275 2059 1
1275 2140 1
1275 2207 1
1275 2236 1
1275 2245 1
1276 2111 1
1276 2154 1
1276 2233 1
1277 2006 1
1277 2015 1
1277 2171 1
1277 2202 1
1278 2016 1
1278 2039 1
1278 2162 1
1279 2030 1
1279 2141 1
1280 2068 1
1280 2105 1
1281 2124 1
1281 2239 1
1282 2044 1
1282 2185 1
1282 2189 1
1283 2223 1
1284 2077 1
1284 2124 1
1284 2210 1
1285 2072 1
1285 2204 1
1286 2015 1
1286 2092 1
1286 2143 1
1287 2105 1
1287 2135 1
1287 2218 1
1288 2024 1
1288 2059 1
1288 2065 1
1289 2058 1
1289 2209 1
1290 2059 1
1290 2147 1
1291 2052 1
1292 2083 1
1292 2135 1
1292 2159 1
1292 2235 1
1293 2191 1
1294 2010 1
1294 2178 1
1296 2034 1
1296 2085 1
1296 2177 1
1297 2029 1
1297 2039 1
1297 2139 1
1298 2027 1
1298 2030 1
1298 2036 1
1298 2185 1
1299 2007 1
1299 2115 1
1299 2193 1
1300 2013 1
1300 2045 1
1300 2159 1
1301 2008 1
1302 2165 1
1302 2169 1
1302 2210 1
1302 2238 1
1303 2054 1
1303 2141 1
1303 2161 1
1304 2057 1
1304 2151 1
1304 2189 1
1305 2055 1
1305 2087 1
1306 2213 1
1307 2115 1
1307 2143 1
1308 2008 1
1308 2106 1
1308 2184 1
1308 2226 1
1309 2010 1
1310 2009 1
1311 2063 1
1311 2095 1
1311 2106 1
1312 2071 1
1313 2114 1
1313 2188 1
1313 2239 1
1314 2066 1
1315 2093 1
1315 2162 1
1315 2186 1
1315 2199 1
1316 2058 1
1316 2104 1
1316 2123 1
1317 2210 1
1317 2220 1
1318 2117 1
1318 2132 1
1318 2215 1
1319 2111 1
1319 2205 1
1320 2059 1
1320 2074 1
1320 2105 1
1321 2025 1
1321 2074 1
1321 2118 1
1322 2006 1
1322 2133 1
1322 2138 1
1322 2189 1
1322 2193 1
1323 2015 1
1323 2235 1
1324 2082 1
1325 2071 1
1325 2209 1
1326 2016 1
1327 2034 1
1327 2048 1
1327 2147 1
1327 2186 1
1327 2213 1
1328 2054 1
1328 2114 1
1329 2033 1
1330 2157 1
1330 2165 1
1330 2216 1
1331 2052 1
1331 2140 1
1331 2207 1
1331 2212 1
1333 2062 1
1333 2092 1
1334 2113 1
1335 2002 1
1336 2222 1
1337 2041 1
1338 2108 1
1338 2203 1
1339 2081 1
1339 2189 1
1339 2249 1
1340 2198 1
1341 2017 1
1342 2090 1
1342 2212 1
1342 2245 1
1343 2005 1
1343 2110 1
1343 2154 1
1343 2187 1
1344 2140 1
1345 2072 1
1345 2091 1
1345 2153 1
1345 2194 1
1346 2091 1
1346 2132 1
1347 2031 1
1347 2099 1
1348 2019 1
1348 2226 1
1349 2053 1
1349 2219 1
1350 2073 1
1350 2114 1
1350 2206 1
1351 2030 1
1351 2041 1
1351 2060 1
1351 2244 1
1352 2187 1
1352 2193 1
1353 2142 1
1353 2158 1
1353 2173 1
1353 2183 1
1354 2032 1
1354 2178 1
1355 2026 1
1355 2081 1
1355 2104 1
1356 2150 1
1356 2196 1
1356 2219 1
1357 2031 1
1357 2234 1
1357 2244 1
1358 2039 1
1358 2077 1
1358 2127 1
1359 2170 1
1360 2095 1
1360 2105 1
1361 2124 1
1361 2132 1
1361 2200 1
1362 2237 1
1363 2069 1
1363 2199 1
1363 2223 1
1364 2073 1
1364 2095 1
1364 2153 1
1364 2209 1
1364 2246 1
1365 2096 1
1365 2182 1
1365 2223 1
1366 2163 1
1367 2001 1
1367 2207 1
1367 2208 1
1370 2016 1
1370 2025 1
1370 2026 1
1370 2092 1
1370 2183 1
1370 2207 1
1371 2028 1
1371 2111 1
1372 2133 1
1372 2209 1
1372 2216 1
1373 2013 1
1373 2048 1
1373 2225 1
1374 2157 1
1374 2169 1
1375 2237 1
1376 2146 1
1376 2169 1
1376 2226 1
1378 2065 1
1378 2170 1
1378 2248 1
1379 2089 1
1379 2113 1
1379 2151 1
1380 2001 1
1380 2061 1
1380 2222 1
1381 2153 1
1381 2188 1
1381 2198 1
1382 2128 1
1382 2211 1
1383 2250 1
1384 2135 1
1384 2148 1
1384 2156 1
1384 2176 1
1385 2061 1
1385 2068 1
1385 2125 1
1385 2130 1
1385 2162 1
1385 2244 1
1386 2077 1
1386 2132 1
1387 2031 1
1387 2054 1
1387 2215 1
1388 2008 1
1389 2008 1
1389 2194 1
1391 2101 1
1391 2207 1
1392 2016 1
1392 2050 1
1392 2066 1
1392 2081 1
1393 2017 1
1393 2146 1
1393 2222 1
1393 2250 1
1394 2087 1
1394 2215 1
1394 2227 1
1395 2016 1
1395 2156 1
1395 2175 1
1396 2077 1
1396 2097 1
1397 2051 1
1397 2098 1
1398 2091 1
1398 2128 1
1398 2244 1
1399 2037 1
1399 2064 1
1400 2066 1
1400 2229 1
1401 2017 1
1401 2247 1
1402 2106 1
1402 2175 1
1402 2181 1
1402 2183 1
1402 2193 1
1403 2010 1
1403 2026 1
1403 2137 1
1403 2152 1
1404 2212 1
1404 2215 1
1405 2023 1
1405 2050 1
1405 2177 1
1405 2203 1
1406 2143 1
1406 2167 1
1406 2195 1
1406 2217 1
1407 2157 1
1408 2218 1
1408 2222 1
1409 2045 1
1409 2096 1
1410 2118 1
1410 2140 1
1411 2052 1
1411 2152 1
1411 2175 1
1412 2011 1
1412 2036 1
1413 2243 1
1414 2174 1
1414 2225 1
1415 2102 1
1417 2122 1
1417 2185 1
1417 2245 1
1418 2241 1
1419 2010 1
1419 2024 1
1419 2027 1
1419 2227 1
1420 2150 1
1420 2208 1
1421 2180 1
1422 2084 1
1423 2123 1
1423 2128 1
1424 2189 1
1424 2225 1
1425 2134 1
1425 2182 1
1426 2037 1
1426 2107 1
1427 2036 1
1427 2065 1
1427 2088 1
1427 2105 1
1427 2205 1
1427 2210 1
1427 2228 1
1428 2041 1
1428 2052 1
1428 2073 1
1428 2163 1
1428 2223 1
1429 2022 1
1429 2054 1
1429 2250 1
1430 2235 1
1431 2066 1
1431 2135 1
1431 2154 1
1432 2076 1
1432 2137 1
1432 2207 1
1432 2234 1
1433 2203 1
1434 2065 1
1434 2073 1
1434 2084 1
1434 2131 1
1434 2175 1
1434 2219 1
1435 2158 1
1435 2204 1
1436 2145 1
1436 2156 1
1437 2093 1
1437 2183 1
1438 2056 1
1438 2125 1
1439 2025 1
1439 2066 1
1439 2107 1
1439 2165 1
1439 2190 1
1439 2205 1
1440 2054 1
1440 2108 1
1440 2148 1
1441 2016 1
1441 2044 1
1441 2057 1
1441 2099 1
1441 2116 1
1441 2120 1
1442 2033 1
1442 2049 1
1442 2136 1
1442 2222 1
1443 2201 1
1444 2047 1
1444 2156 1
1444 2168 1
1445 2017 1
1445 2129 1
1445 2174 1
1446 2096 1
1446 2177 1
1447 2089 1
1448 2082 1
1448 2154 1
1449 2044 1
1449 2192 1
1450 2115 1
1450 2187 1
1450 2214 1
1451 2019 1
1451 2094 1
1451 2152 1
1451 2167 1
1452 2155 1
1452 2212 1
1453 2177 1
1454 2017 1
1454 2020 1
1454 2023 1
1455 2025 1
1455 2106 1
1455 2167 1
1455 2205 1
1457 2004 1
1457 2052 1
1457 2207 1
1458 2069 1
1458 2130 1
1458 2152 1
1458 2209 1
1459 2206 1
1459 2244 1
1460 2022 1
1460 2043 1
1460 2097 1
1460 2194 1
1461 2016 1
1461 2116 1
1462 2019 1
1462 2034 1
1463 2030 1
1463 2140 1
1463 2154 1
1464 2058 1
1464 2084 1
1464 2153 1
1465 2011 1
1465 2085 1
1465 2142 1
1465 2223 1
1466 2078 1
1467 2103 1
1467 2130 1
1468 2153 1
1469 2006 1
1469 2076 1
1469 2137 1
1470 2019 1
1470 2089 1
1470 2172 1
1471 2075 1
1471 2167 1
1472 2013 1
1472 2047 1
1472 2074 1
1472 2082 1
1472 2097 1
1473 2007 1
1473 2010 1
1473 2122 1
1474 2153 1
1474 2154 1
1475 2214 1
1476 2020 1
1476 2040 1
1476 2060 1
1476 2099 1
1476 2190 1
1476 2242 1
1477 2213 1
1478 2092 1
1478 2097 1
1478 2209 1
1479 2012 1
1479 2014 1
1482 2053 1
1482 2097 1
1482 2195 1
1482 2201 1
1483 2011 1
1483 2047 1
1484 2137 1
1485 2058 1
1485 2222 1
1486 2192 1
1486 2212 1
1487 2048 1
1487 2158 1
1487 2172 1
1488 2141 1
1488 2151 1
1488 2162 1
1488 2205 1
1489 2038 1
1490 2067 1
1490 2102 1
1491 2149 1
1491 2226 1
1492 2117 1
1493 2139 1
1494 2120 1
1494 2190 1
1495 2148 1
1495 2197 1
1496 2030 1
1496 2091 1
1496 2122 1
1496 2168 1
1497 2020 1
1497 2149 1
1498 2017 1
1498 2042 1
1498 2175 1
1499 2039 1
1499 2068 1
1499 2177 1
1500 2003 1
1500 2016 1
1500 2018 1
1500 2065 1
1500 2143 1
1500 2217 1
1501 2118 1
1501 2153 1
1502 2026 1
1502 2103 1
1502 2159 1
1503 2171 1
1503 2228 1
1504 2180 1
1504 2205 1
1504 2210 1
1505 2045 1
1505 2157 1
1506 2071 1
1506 2106 1
1506 2124 1
1506 2127 1
1506 2201 1
1507 2038 1
1507 2075 1
1507 2078 1
1507 2094 1
1508 2093 1
1508 2124 1
1509 2141 1
1509 2160 1
1510 2184 1
1511 2198 1
1512 2007 1
1512 2035 1
1512 2080 1
1512 2204 1
1513 2022 1
1514 2195 1
1515 2001 1
1515 2130 1
1515 2209 1
1516 2102 1
1516 2139 1
1517 2045 1
1517 2111 1
1517 2137 1
1517 2155 1
1517 2201 1
1517 2222 1
1518 2093 1
1518 2242 1
1519 2054 1
1519 2205 1
1521 2053 1
1521 2085 1
1521 2091 1
1521 2156 1
1521 2218 1
1522 2103 1
1522 2116 1
1522 2175 1
1524 2047 1
1524 2121 1
1524 2176 1
1524 2240 1
1525 2016 1
1525 2075 1
1525 2095 1
1526 2052 1
1526 2206 1
1527 2035 1
1527 2146 1
1528 2040 1
1528 2077 1
1529 2069 1
1529 2148 1
1530 2070 1
1530 2136 1
1530 2192 1
1530 2205 1
1530 2233 1
1531 2170 1
1531 2242 1
1532 2198 1
1533 2039 1
1533 2157 1
1534 2153 1
1535 2191 1
1535 2241 1
1535 2248 1
1536 2137 1
1536 2148 1
1536 2159 1
1539 2126 1
1540 2054 1
1540 2121 1
1540 2155 1
1541 2113 1
1542 2056 1
1542 2164 1
1542 2183 1
1542 2230 1
1543 2113 1
1543 2209 1
1544 2118 1
1544 2169 1
1544 2192 1
1545 2037 1
1546 2031 1
1546 2084 1
1547 2220 1
1548 2184 1
1548 2199 1
1548 2227 1
1549 2067 1
1550 2182 1
1551 2097 1
1551 2100 1
1552 2036 1
1552 2137 1
1554 2054 1
1555 2093 1
1555 2129 1
1556 2030 1
1556 2136 1
1557 2037 1
1557 2116 1
1557 2133 1
1557 2148 1
1558 2081 1
1558 2084 1
1558 2159 1
1558 2192 1
1559 2048 1
1559 2132 1
1559 2142 1
1559 2145 1
1559 2166 1
1560 2205 1
1561 2036 1
1561 2157 1
1561 2198 1
1562 2002 1
1562 2033 1
1562 2045 1
1563 2021 1
1563 2151 1
1563 2222 1
1564 2092 1
1564 2158 1
1565 2036 1
1565 2077 1
1565 2164 1
1567 2041 1
1567 2090 1
1567 2227 1
1568 2099 1
1569 2001 1
1569 2212 1
1569 2239 1
1570 2002 1
1570 2230 1
1571 2125 1
1571 2159 1
1571 2194 1
1571 2216 1
1572 2120 1
1572 2122 1
1572 2182 1
1572 2189 1
1573 2054 1
1573 2084 1
1574 2042 1
1574 2069 1
1574 2219 1
1575 2017 1
1575 2054 1
1575 2116 1
1575 2243 1
1576 2070 1
1576 2091 1
1577 2049 1
1577 2056 1
1577 2060 1
1578 2013 1
1578 2094 1
1578 2235 1
1579 2041 1
1579 2138 1
1579 2175 1
1579 2219 1
1580 2065 1
1580 2145 1
1580 2150 1
1580 2189 1
1581 2167 1
1582 2034 1
1582 2080 1
1583 2018 1
1583 2092 1
1583 2173 1
1583 2187 1
1584 2103 1
1584 2215 1
1585 2054 1
1585 2085 1
1585 2098 1
1585 2167 1
1587 2182 1
1587 2231 1
1588 2063 1
1588 2079 1
1588 2110 1
1588 2235 1
1589 2061 1
1589 2239 1
1590 2008 1
1590 2076 1
1590 2093 1
1590 2227 1
1591 2082 1
1591 2116 1
1591 2135 1
1591 2246 1
1592 2092 1
1593 2020 1
1593 2054 1
1593 2179 1
1593 2222 1
1594 2027 1
1594 2226 1
1594 2233 1
1594 2235 1
1595 2122 1
1595 2172 1
1595 2185 1
1595 2190 1
1595 2219 1
1595 2236 1
1596 2208 1
1598 2116 1
1598 2159 1
1598 2221 1
1598 2240 1
1600 2033 1
1600 2040 1
1600 2072 1
1600 2142 1
1601 2090 1
1601 2113 1
1602 2168 1
1603 2092 1
1603 2097 1
1603 2116 1
1604 2076 1
1604 2156 1
1604 2184 1
1604 2215 1
1604 2237 1
1605 2038 1
1605 2065 1
1605 2134 1
1605 2152 1
1605 2162 1
1605 2236 1
1606 2052 1
1606 2126 1
1606 2151 1
1606 2173 1
1607 2140 1
1608 2013 1
1608 2019 1
1609 2005 1
1610 2108 1
1611 2033 1
1611 2203 1
1612 2250 1
1613 2123 1
1613 2156 1
1614 2004 1
1614 2034 1
1614 2103 1
1614 2131 1
1614 2235 1
1615 2180 1
1615 2228 1
1615 2250 1
1616 2020 1
1616 2109 1
1616 2223 1
1616 2250 1
1618 2002 1
1618 2097 1
1618 2099 1
1618 2192 1
1619 2021 1
1619 2052 1
1619 2109 1
1619 2212 1
1620 2088 1
1621 2050 1
1621 2151 1
1622 2017 1
1622 2163 1
1623 2012 1
1623 2094 1
1623 2106 1
1624 2104 1
1624 2146 1
1625 2062 1
1625 2145 1
1626 2093 1
1626 2183 1
1626 2192 1
1627 2054 1
1627 2170 1
1627 2248 1
1628 2118 1
1628 2164 1
1629 2110 1
1630 2027 1
1630 2141 1
1630 2168 1
1631 2099 1
1631 2171 1
1631 2217 1
1631 2243 1
1632 2074 1
1632 2215 1
1633 2169 1
1634 2062 1
1635 2039 1
1635 2087 1
1635 2131 1
1635 2245 1
1636 2042 1
1636 2162 1
1637 2006 1
1637 2054 1
1637 2158 1
1638 2109 1
1638 2167 1
1638 2249 1
1639 2042 1
1639 2175 1
1639 2205 1
1639 2209 1
1640 2008 1
1640 2067 1
1640 2233 1
1641 2035 1
1641 2238 1
1642 2012 1
1642 2180 1
1642 2183 1
1642 2247 1
1643 2049 1
1643 2057 1
1644 2023 1
1644 2040 1
1644 2110 1
1646 2137 1
1647 2084 1
1647 2093 1
1648 2038 1
1648 2146 1
1648 2249 1
1649 2244 1
1650 2120 1
1650 2249 1
1651 2056 1
1651 2197 1
1651 2204 1
1652 2083 1
1653 2002 1
1653 2025 1
1653 2056 1
1653 2179 1
1653 2216 1
1653 2240 1
1654 2004 1
1654 2190 1
1654 2200 1
1654 2219 1
1655 2058 1
1655 2172 1
1656 2048 1
1656 2067 1
1656 2092 1
1656 2104 1
1657 2033 1
1657 2220 1
1658 2088 1
1659 2022 1
1659 2168 1
1660 2073 1
1660 2091 1
1660 2223 1
1660 2235 1
1660 2238 1
1662 2050 1
1662 2066 1
1662 2153 1
1662 2192 1
1663 2099 1
1663 2230 1
1663 2244 1
1665 2066 1
1665 2236 1
1666 2122 1
1666 2167 1
1666 2209 1
1666 2229 1
1667 2149 1
1668 2109 1
1668 2112 1
1669 2007 1
1669 2030 1
1670 2161 1
1671 2148 1
1671 2149 1
1671 2224 1
1672 2074 1
1673 2092 1
1674 2076 1
1674 2180 1
1674 2233 1
1674 2238 1
1675 2103 1
1676 2016 1
1676 2067 1
1676 2182 1
1676 2237 1
1677 2229 1
1678 2015 1
1678 2136 1
1678 2176 1
1678 2240 1
1679 2198 1
1680 2119 1
1680 2124 1
1680 2192 1
1681 2014 1
1681 2082 1
1681 2136 1
1682 2003 1
1682 2037 1
1682 2158 1
1682 2182 1
1683 2008 1
1683 2182 1
1684 2163 1
1684 2199 1
1684 2230 1
1685 2004 1
1685 2175 1
1686 2166 1
1687 2069 1
1687 2109 1
1687 2191 1
1688 2049 1
1688 2102 1
1688 2162 1
1689 2047 1
1689 2232 1
1690 2012 1
1690 2077 1
1691 2085 1
1692 2046 1
1692 2092 1
1692 2243 1
1693 2008 1
1693 2047 1
1693 2204 1
1694 2025 1
1694 2089 1
1694 2167 1
1695 2236 1
1696 2120 1
1696 2146 1
1697 2025 1
1697 2110 1
1697 2127 1
1697 2169 1
1697 2201 1
1698 2127 1
1698 2147 1
1699 2014 1
1699 2073 1
1699 2158 1
1700 2070 1
1700 2089 1
1700 2142 1
1700 2161 1
1700 2185 1
1701 2182 1
1701 2195 1
1701 2203 1
1702 2066 1
1702 2148 1
1703 2157 1
1704 2077 1
1704 2124 1
1704 2162 1
1705 2207 1
1706 2127 1
1706 2185 1
1706 2243 1
1708 2148 1
1708 2198 1
1709 2087 1
1709 2122 1
1710 2086 1
1711 2059 1
1711 2170 1
1712 2025 1
1712 2128 1
1713 2049 1
1713 2111 1
1713 2113 1
1713 2176 1
1713 2189 1
1714 2033 1
1714 2096 1
1714 2130 1
1714 2135 1
1715 2030 1
1715 2090 1
1715 2162 1
1716 2033 1
1716 2065 1
1716 2160 1
1716 2173 1
1716 2233 1
1717 2125 1
1717 2175 1
1718 2092 1
1718 2099 1
1719 2078 1
1719 2140 1
1720 2043 1
1721 2114 1
1721 2205 1
1722 2092 1
1723 2186 1
1724 2010 1
1724 2044 1
1724 2117 1
1724 2193 1
1724 2215 1
1725 2123 1
1726 2017 1
1726 2140 1
1727 2193 1
1727 2231 1
1728 2017 1
1728 2179 1
1728 2235 1
1729 2011 1
1729 2036 1
1729 2050 1
1729 2218 1
1729 2240 1
1730 2076 1
1730 2091 1
1731 2186 1
1731 2199 1
1731 2229 1
1732 2111 1
1733 2007 1
1733 2130 1
1733 2162 1
1733 2207 1
1733 2208 1
1733 2209 1
1734 2100 1
1734 2177 1
1735 2171 1
1735 2234 1
1736 2055 1
1736 2072 1
1736 2134 1
1736 2227 1
1737 2162 1
1737 2168 1
1738 2042 1
1738 2053 1
1738 2159 1
1738 2219 1
1739 2038 1
1741 2131 1
1741 2151 1
1742 2221 1
1743 2145 1
1744 2124 1
1744 2168 1
1745 2186 1
1745 2228 1
1746 2001 1
1746 2008 1
1747 2113 1
1747 2183 1
1747 2205 1
1748 2004 1
1748 2030 1
1748 2123 1
1748 2216 1
1748 2236 1
1749 2035 1
1749 2223 1
1749 2233 1
1750 2011 1
1750 2087 1
1750 2093 1
1750 2171 1
1751 2136 1
1752 2193 1
1752 2202 1
1752 2218 1
1753 2098 1
1753 2173 1
1753 2241 1
1754 2068 1
1754 2110 1
1754 2123 1
1755 2115 1
1755 2153 1
1756 2014 1
1756 2160 1
1757 2006 1
1757 2177 1
1758 2063 1
1758 2137 1
1758 2226 1
1758 2228 1
1759 2074 1
1760 2039 1
1760 2165 1
1760 2186 1
1761 2015 1
1761 2026 1
1761 2185 1
1762 2046 1
1762 2090 1
1762 2092 1
1762 2177 1
1762 2231 1
1762 2248 1
1763 2081 1
1763 2131 1
1763 2249 1
1765 2001 1
1765 2048 1
1765 2082 1
1766 2023 1
1766 2038 1
1766 2071 1
1766 2072 1
1766 2106 1
1766 2245 1
1767 2056 1
1767 2185 1
1768 2164 1
1769 2039 1
1769 2240 1
1770 2208 1
1770 2247 1
1771 2072 1
1771 2145 1
1771 2220 1
1772 2004 1
1772 2235 1
1773 2090 1
1773 2191 1
1774 2068 1
1774 2131 1
1774 2148 1
1775 2082 1
1775 2121 1
1775 2133 1
1775 2177 1
1775 2185 1
1776 2038 1
1776 2144 1
1776 2163 1
1776 2203 1
1778 2109 1
1778 2214 1
1779 2142 1
1779 2144 1
1779 2176 1
1780 2042 1
1780 2143 1
1780 2221 1
1782 2122 1
1782 2126 1
1783 2046 1
1783 2058 1
1783 2206 1
1784 2038 1
1784 2069 1
1784 2072 1
1784 2145 1
1785 2068 1
1785 2080 1
1785 2240 1
1787 2017 1
1787 2195 1
1787 2234 1
1788 2006 1
1788 2048 1
1788 2170 1
1788 2244 1
1789 2070 1
1789 2133 1
1790 2029 1
1790 2215 1
1790 2225 1
1791 2187 1
1792 2104 1
1793 2007 1
1793 2030 1
1793 2043 1
1793 2063 1
1793 2201 1
1794 2074 1
1794 2250 1
1795 2015 1
1795 2091 1
1795 2226 1
1796 2081 1
1796 2218 1
1796 2235 1
1797 2025 1
1797 2026 1
1797 2116 1
1797 2120 1
1797 2170 1
1797 2235 1
1798 2062 1
1798 2188 1
1799 2221 1
1799 2227 1
1800 2243 1
1801 2092 1
1801 2142 1
1801 2194 1
1802 2038 1
1802 2131 1
1802 2173 1
1802 2225 1
1803 2160 1
1803 2232 1
1804 2231 1
1805 2023 1
1805 2046 1
1805 2167 1
1806 2060 1
1806 2220 1
1807 2046 1
1807 2063 1
1807 2076 1
1807 2090 1
1808 2051 1
1808 2065 1
1810 2075 1
1810 2185 1
1811 2074 1
1811 2121 1
1811 2125 1
1812 2017 1
1812 2054 1
1812 2193 1
1813 2068 1
1814 2016 1
1814 2044 1
1814 2075 1
1814 2090 1
1814 2150 1
1815 2037 1
1815 2217 1
1817 2172 1
1817 2183 1
1818 2019 1
1818 2022 1
1818 2059 1
1818 2098 1
1818 2115 1
1819 2129 1
1819 2211 1
1820 2185 1
1820 2213 1
1820 2220 1
1821 2065 1
1821 2153 1
1821 2171 1
1822 2096 1
1822 2129 1
1822 2182 1
1823 2177 1
1823 2222 1
1824 2077 1
1824 2187 1
1825 2080 1
1826 2004 1
1826 2067 1
1826 2121 1
1826 2208 1
1827 2127 1
1827 2181 1
1827 2187 1
1828 2045 1
1828 2093 1
1828 2210 1
1829 2056 1
1829 2139 1
1829 2199 1
1830 2117 1
1831 2017 1
1831 2018 1
1832 2028 1
1832 2222 1
1833 2223 1
1833 2247 1
1834 2155 1
1835 2008 1
1835 2028 1
1835 2172 1
1835 2232 1
1836 2110 1
1836 2142 1
1836 2207 1
1836 2242 1
1836 2246 1
1837 2090 1
1837 2201 1
1837 2215 1
1838 2073 1
1838 2171 1
1839 2023 1
1840 2066 1
1841 2046 1
1841 2110 1
1841 2190 1
1842 2036 1
1842 2061 1
1843 2106 1
1843 2222 1
1844 2016 1
1844 2102 1
1845 2017 1
1845 2067 1
1845 2097 1
1845 2137 1
1846 2138 1
1847 2023 1
1847 2089 1
1847 2092 1
1847 2146 1
1847 2216 1
1847 2221 1
1848 2074 1
1848 2093 1
1848 2145 1
1849 2014 1
1849 2164 1
1849 2222 1
1850 2032 1
1850 2099 1
1850 2190 1
1850 2214 1
1850 2232 1
1851 2103 1
1851 2116 1
1851 2129 1
1851 2134 1
1851 2177 1
1852 2198 1
1853 2024 1
1853 2087 1
1854 2009 1
1855 2009 1
1855 2041 1
1855 2156 1
1856 2122 1
1856 2128 1
1856 2131 1
1857 2028 1
1857 2105 1
1857 2185 1
1858 2226 1
1859 2125 1
1859 2247 1
1860 2109 1
1860 2158 1
1861 2045 1
1861 2167 1
1861 2222 1
1861 2246 1
1863 2002 1
1863 2224 1
1863 2235 1
1864 2124 1
1865 2103 1
1865 2115 1
1865 2188 1
1865 2209 1
1866 2031 1
1866 2236 1
1867 2012 1
1867 2088 1
1867 2102 1
1867 2125 1
1867 2155 1
1867 2218 1
1868 2034 1
1868 2071 1
1868 2240 1
1868 2242 1
1869 2031 1
1869 2037 1
1870 2009 1
1870 2043 1
1870 2131 1
1870 2139 1
1870 2231 1
1870 2237 1
1871 2030 1
1871 2236 1
1872 2013 1
1872 2110 1
1872 2188 1
1872 2198 1
1873 2016 1
1873 2180 1
1874 2075 1
1875 2020 1
1875 2175 1
1875 2194 1
1875 2216 1
1877 2013 1
1877 2229 1
1879 2044 1
1879 2156 1
1879 2228 1
1880 2005 1
1880 2153 1
1880 2193 1
1881 2130 1
1881 2176 1
1881 2217 1
1882 2170 1
1882 2232 1
1884 2008 1
1885 2017 1
1885 2111 1
1885 2135 1
1886 2153 1
1886 2204 1
1887 2174 1
1887 2199 1
1888 2005 1
1888 2094 1
1888 2109 1
1888 2239 1
1889 2031 1
1889 2167 1
1890 2052 1
1890 2186 1
1890 2234 1
1891 2018 1
1891 2031 1
1892 2114 1
1892 2240 1
1893 2162 1
1893 2190 1
1894 2014 1
1894 2028 1
1894 2035 1
1894 2092 1
1895 2053 1
1896 2011 1
1896 2084 1
1896 2135 1
1896 2144 1
1896 2201 1
1897 2209 1
1898 2097 1
1898 2162 1
1900 2016 1
1900 2082 1
1900 2241 1
1901 2039 1
1901 2109 1
1902 2038 1
1902 2118 1
1903 2096 1
1903 2156 1
1903 2245 1
1904 2043 1
1904 2244 1
1905 2123 1
1905 2209 1
1906 2034 1
1906 2076 1
1906 2096 1
1906 2228 1
1907 2103 1
1907 2117 1
1908 2052 1
1908 2186 1
1909 2026 1
1909 2174 1
1909 2208 1
1910 2076 1
1910 2133 1
1910 2182 1
1911 2134 1
1911 2150 1
1911 2154 1
1912 2063 1
1913 2050 1
1913 2190 1
1914 2099 1
1914 2109 1
1914 2245 1
1915 2045 1
1915 2135 1
1916 2125 1
1917 2097 1
1917 2098 1
1917 2151 1
1918 2014 1
1918 2237 1
1919 2086 1
1919 2193 1
1919 2216 1
1920 2004 1
1920 2243 1
1921 2102 1
1921 2110 1
1921 2154 1
1922 2088 1
1922 2100 1
1922 2190 1
1923 2124 1
1924 2052 1
1924 2085 1
1924 2181 1
1925 2029 1
1925 2084 1
1925 2161 1
1926 2134 1
1927 2017 1
1927 2233 1
1927 2237 1
1928 2134 1
1928 2159 1
1928 2174 1
1930 2126 1
1930 2213 1
1931 2071 1
1931 2176 1
1932 2095 1
1932 2127 1
1933 2238 1
1933 2247 1
1935 2020 1
1936 2185 1
1937 2003 1
1937 2071 1
1937 2104 1
1937 2107 1
1937 2136 1
1937 2191 1
1938 2010 1
1938 2077 1
1938 2247 1
1939 2156 1
1939 2163 1
1939 2173 1
1939 2209 1
1939 2215 1
1940 2111 1
1940 2126 1
1940 2199 1
1941 2025 1
1941 2060 1
1942 2012 1
1943 2025 1
1943 2082 1
1943 2129 1
1943 2150 1
1944 2123 1
1944 2163 1
1945 2032 1
1945 2115 1
1945 2226 1
1946 2030 1
1946 2047 1
1947 2112 1
1948 2090 1
1948 2162 1
1949 2133 1
1949 2233 1
1950 2163 1
1950 2191 1
1950 2199 1
1950 2239 1
1951 2033 1
1951 2035 1
1951 2049 1
1951 2126 1
1951 2138 1
1951 2182 1
1951 2225 1
1951 2228 1
1952 2012 1
1952 2042 1
1952 2133 1
1953 2013 1
1953 2057 1
1953 2116 1
1953 2176 1
1953 2196 1
1954 2059 1
1954 2122 1
1955 2135 1
1955 2192 1
1956 2093 1
1956 2099 1
1956 2122 1
1956 2131 1
1956 2174 1
1956 2212 1
1956 2239 1
1957 2140 1
1958 2034 1
1958 2037 1
1958 2046 1
1958 2161 1
1959 2207 1
1959 2244 1
1960 2006 1
1960 2106 1
1960 2165 1
1961 2057 1
1961 2060 1
1961 2130 1
1961 2184 1
1961 2241 1
1962 2205 1
1962 2249 1
1963 2013 1
1963 2202 1
1963 2203 1
1964 2016 1
1964 2061 1
1964 2078 1
1965 2019 1
1965 2202 1
1966 2128 1
1966 2180 1
1967 2080 1
1967 2186 1
1968 2175 1
1969 2117 1
1970 2047 1
1970 2055 1
1970 2073 1
1970 2081 1
1970 2096 1
1970 2136 1
1971 2247 1
1972 2088 1
1972 2202 1
1972 2213 1
1973 2116 1
1973 2214 1
1974 2022 1
1974 2250 1
1975 2014 1
1975 2068 1
1975 2082 1
1976 2048 1
1977 2032 1
1977 2058 1
1977 2092 1
1978 2136 1
1979 2018 1
1979 2049 1
1980 2017 1
1980 2047 1
1980 2182 1
1980 2208 1
1980 2227 1
1982 2013 1
1982 2054 1
1982 2065 1
1983 2056 1
1983 2156 1
1983 2191 1
1984 2010 1
1984 2074 1
1985 2097 1
1985 2215 1
1986 2184 1
1988 2107 1
1988 2231 1
1988 2244 1
1989 2020 1
1989 2136 1
1989 2167 1
1990 2038 1
1990 2191 1
1991 2154 1
1991 2196 1
1992 2090 1
1992 2209 1
1992 2232 1
1993 2056 1
1994 2188 1
1995 2064 1
1995 2089 1
1995 2154 1
1995 2213 1
1996 2049 1
1996 2073 1
1996 2125 1
1996 2132 1
1996 2137 1
1997 2155 1
1998 2039 1
1998 2048 1
1998 2176 1
1998 2205 1
1998 2222 1
1999 2130 1
2000 2209 1

****This graph contains:****
vertices_A	2000
vertices_P	250
L	4972
Ksa	4032.515625
Ksp	8944.142370
Kca	5279.750000
Kcp	50510.250000


*Graph Density:
 0.00994

*Degree Distribution:(range[0..n])
 98 380 608 489 274 101 43 6 1 0 0 0 0 0 0 0 0 0 0 0 0 0 0 0 0 0 0 0 0 0 0 0 0 0 0 0 0 0 0 0 0 0 0 0 0 0 0 0 0 0 0 0 0 0 0 0 0 0 0 0 0 0 0 0 0 0 0 0 0 0 0 0 0 0 0 0 0 0 0 0 0 0 0 0 0 0 0 0 0 0 0 0 0 0 0 0 0 0 0 0 0 0 0 0 0 0 0 0 0 0 0 0 0 0 0 0 0 0 0 0 0 0 0 0 0 0 0 0 0 0 0 0 0 0 0 0 0 0 0 0 0 0 0 0 0 0 0 0 0 0 0 0 0 0 0 0 0 0 0 0 0 0 0 0 0 0 0 0 0 0 0 0 0 0 0 0 0 0 0 0 0 0 0 0 0 0 0 0 0 0 0 0 0 0 0 0 0 0 0 0 0 0 0 0 0 0 0 0 0 0 0 0 0 0 0 0 0 0 0 0 0 0 0 0 0 0 0 0 0 0 0 0 0 0 0 0 0 0 0 0 0 0 0 0 0 0 0 0 0 0 0
 0 0 0 0 0 0 1 1 0 0 4 8 5 14 7 16 16 15 18 21 14 22 16 8 12 13 8 8 5 6 4 2 3 0 0 1 0 1 1 0 0 0 0 0 0 0 0 0 0 0 0 0 0 0 0 0 0 0 0 0 0 0 0 0 0 0 0 0 0 0 0 0 0 0 0 0 0 0 0 0 0 0 0 0 0 0 0 0 0 0 0 0 0 0 0 0 0 0 0 0 0 0 0 0 0 0 0 0 0 0 0 0 0 0 0 0 0 0 0 0 0 0 0 0 0 0 0 0 0 0 0 0 0 0 0 0 0 0 0 0 0 0 0 0 0 0 0 0 0 0 0 0 0 0 0 0 0 0 0 0 0 0 0 0 0 0 0 0 0 0 0 0 0 0 0 0 0 0 0 0 0 0 0 0 0 0 0 0 0 0 0 0 0 0 0 0 0 0 0 0 0 0 0 0 0 0 0 0 0 0 0 0 0 0 0 0 0 0 0 0 0 0 0 0 0 0 0 0 0 0 0 0 0 0 0 0 0 0 0 0 0 0 0 0 0 0 0 0 0 0 0 0 0 0 0 0 0 0 0 0 0 0 0 0 0 0 0 0 0 0 0 0 0 0 0 0 0 0 0 0 0 0 0 0 0 0 0 0 0 0 0 0 0 0 0 0 0 0 0 0 0 0 0 0 0 0 0 0 0 0 0 0 0 0 0 0 0 0 0 0 0 0 0 0 0 0 0 0 0 0 0 0 0 0 0 0 0 0 0 0 0 0 0 0 0 0 0 0 0 0 0 0 0 0 0 0 0 0 0 0 0 0 0 0 0 0 0 0 0 0 0 0 0 0 0 0 0 0 0 0 0 0 0 0 0 0 0 0 0 0 0 0 0 0 0 0 0 0 0 0 0 0 0 0 0 0 0 0 0 0 0 0 0 0 0 0 0 0 0 0 0 0 0 0 0 0 0 0 0 0 0 0 0 0 0 0 0 0 0 0 0 0 0 0 0 0 0 0 0 0 0 0 0 0 0 0 0 0 0 0 0 0 0 0 0 0 0 0 0 0 0 0 0 0 0 0 0 0 0 0 0 0 0 0 0 0 0 0 0 0 0 0 0 0 0 0 0 0 0 0 0 0 0 0 0 0 0 0 0 0 0 0 0 0 0 0 0 0 0 0 0 0 0 0 0 0 0 0 0 0 0 0 0 0 0 0 0 0 0 0 0 0 0 0 0 0 0 0 0 0 0 0 0 0 0 0 0 0 0 0 0 0 0 0 0 0 0 0 0 0 0 0 0 0 0 0 0 0 0 0 0 0 0 0 0 0 0 0 0 0 0 0 0 0 0 0 0 0 0 0 0 0 0 0 0 0 0 0 0 0 0 0 0 0 0 0 0 0 0 0 0 0 0 0 0 0 0 0 0 0 0 0 0 0 0 0 0 0 0 0 0 0 0 0 0 0 0 0 0 0 0 0 0 0 0 0 0 0 0 0 0 0 0 0 0 0 0 0 0 0 0 0 0 0 0 0 0 0 0 0 0 0 0 0 0 0 0 0 0 0 0 0 0 0 0 0 0 0 0 0 0 0 0 0 0 0 0 0 0 0 0 0 0 0 0 0 0 0 0 0 0 0 0 0 0 0 0 0 0 0 0 0 0 0 0 0 0 0 0 0 0 0 0 0 0 0 0 0 0 0 0 0 0 0 0 0 0 0 0 0 0 0 0 0 0 0 0 0 0 0 0 0 0 0 0 0 0 0 0 0 0 0 0 0 0 0 0 0 0 0 0 0 0 0 0 0 0 0 0 0 0 0 0 0 0 0 0 0 0 0 0 0 0 0 0 0 0 0 0 0 0 0 0 0 0 0 0 0 0 0 0 0 0 0 0 0 0 0 0 0 0 0 0 0 0 0 0 0 0 0 0 0 0 0 0 0 0 0 0 0 0 0 0 0 0 0 0 0 0 0 0 0 0 0 0 0 0 0 0 0 0 0 0 0 0 0 0 0 0 0 0 0 0 0 0 0 0 0 0 0 0 0 0 0 0 0 0 0 0 0 0 0 0 0 0 0 0 0 0 0 0 0 0 0 0 0 0 0 0 0 0 0 0 0 0 0 0 0 0 0 0 0 0 0 0 0 0 0 0 0 0 0 0 0 0 0 0 0 0 0 0 0 0 0 0 0 0 0 0 0 0 0 0 0 0 0 0 0 0 0 0 0 0 0 0 0 0 0 0 0 0 0 0 0 0 0 0 0 0 0 0 0 0 0 0 0 0 0 0 0 0 0 0 0 0 0 0 0 0 0 0 0 0 0 0 0 0 0 0 0 0 0 0 0 0 0 0 0 0 0 0 0 0 0 0 0 0 0 0 0 0 0 0 0 0 0 0 0 0 0 0 0 0 0 0 0 0 0 0 0 0 0 0 0 0 0 0 0 0 0 0 0 0 0 0 0 0 0 0 0 0 0 0 0 0 0 0 0 0 0 0 0 0 0 0 0 0 0 0 0 0 0 0 0 0 0 0 0 0 0 0 0 0 0 0 0 0 0 0 0 0 0 0 0 0 0 0 0 0 0 0 0 0 0 0 0 0 0 0 0 0 0 0 0 0 0 0 0 0 0 0 0 0 0 0 0 0 0 0 0 0 0 0 0 0 0 0 0 0 0 0 0 0 0 0 0 0 0 0 0 0 0 0 0 0 0 0 0 0 0 0 0 0 0 0 0 0 0 0 0 0 0 0 0 0 0 0 0 0 0 0 0 0 0 0 0 0 0 0 0 0 0 0 0 0 0 0 0 0 0 0 0 0 0 0 0 0 0 0 0 0 0 0 0 0 0 0 0 0 0 0 0 0 0 0 0 0 0 0 0 0 0 0 0 0 0 0 0 0 0 0 0 0 0 0 0 0 0 0 0 0 0 0 0 0 0 0 0 0 0 0 0 0 0 0 0 0 0 0 0 0 0 0 0 0 0 0 0 0 0 0 0 0 0 0 0 0 0 0 0 0 0 0 0 0 0 0 0 0 0 0 0 0 0 0 0 0 0 0 0 0 0 0 0 0 0 0 0 0 0 0 0 0 0 0 0 0 0 0 0 0 0 0 0 0 0 0 0 0 0 0 0 0 0 0 0 0 0 0 0 0 0 0 0 0 0 0 0 0 0 0 0 0 0 0 0 0 0 0 0 0 0 0 0 0 0 0 0 0 0 0 0 0 0 0 0 0 0 0 0 0 0 0 0 0 0 0 0 0 0 0 0 0 0 0 0 0 0 0 0 0 0 0 0 0 0 0 0 0 0 0 0 0 0 0 0 0 0 0 0 0 0 0 0 0 0 0 0 0 0 0 0 0 0 0 0 0 0 0 0 0 0 0 0 0 0 0 0 0 0 0 0 0 0 0 0 0 0 0 0 0 0 0 0 0 0 0 0 0 0 0 0 0 0 0 0 0 0 0 0 0 0 0 0 0 0 0 0 0 0 0 0 0 0 0 0 0 0 0 0 0 0 0 0 0 0 0 0 0 0 0 0 0 0 0 0 0 0 0 0 0 0 0 0 0 0 0 0 0 0 0 0 0 0 0 0 0 0 0 0 0 0 0 0 0 0 0 0 0 0 0 0 0 0 0 0 0 0 0 0 0 0 0 0 0 0 0 0 0 0 0 0 0 0 0 0 0 0 0 0 0 0 0 0 0 0 0 0 0 0 0 0 0 0 0 0 0 0 0 0 0 0 0 0 0 0 0 0 0 0 0 0 0 0 0 0 0 0 0 0 0 0 0 0 0 0 0 0 0 0 0 0 0 0 0 0 0 0 0 0 0 0 0 0 0 0 0 0 0 0 0 0 0 0 0 0 0 0 0 0 0 0 0 0 0 0 0 0 0 0 0 0 0 0 0 0 0 0 0 0 0 0 0 0 0 0 0 0 0 0 0 0 0 0 0 0 0 0 0 0 0 0 0 0 0 0 0 0 0 0 0 0 0 0 0 0 0 0 0 0 0 0 0 0 0 0 0 0 0 0 0 0 0 0 0 0 0 0 0 0 0 0 0 0 0 0 0 0 0 0 0 0 0 0 0 0 0 0 0 0 0 0 0 0 0 0 0 0 0 0 0 0 0 0 0 0 0 0 0 0 0 0 0 0 0 0 0 0 0 0 0 0 0 0 0 0 0 0 0 0 0 0 0 0 0 0 0 0 0 0 0 0 0 0 0 0 0 0 0 0 0 0 0 0 0 0 0 0 0 0 0 0 0 0 0 0 0 0 0 0 0 0 0 0 0 0 0 0 0 0 0 0 0 0 0 0 0 0 0 0 0 0 0 0 0 0 0 0 0 0 0 0 0 0 0 0 0 0 0 0 0 0 0 0 0 0 0 0 0 0 0 0 0 0 0 0 0 0 0 0 0 0 0 0 0 0 0 0 0 0 0 0 0 0 0 0 0 0 0 0 0 0 0 0 0 0 0 0 0 0 0 0 0 0 0 0 0 0 0 0 0 0 0 0 0 0 0 0 0 0 0


*Standard deviation of degree distribution1 = 1.354180
*Skew of degree distribution1 = 0.480217


*Standard deviation of degree distribution2 = 5.522631
*Skew of degree distribution2 = 0.366957

*Mean Degree	2.20978

*Global Clustering Coefficient:
 0.00915

*Two-Path Distribution:(range[0..n])

*set(A): 1948746 49743 508 3 0 0 0 0 0 0 0 0 0 0 0 0 0 0 0 0 0 0 0 0 0 0 0 0 0 0 0 0 0 0 0 0 0 0 0 0 0 0 0 0 0 0 0 0 0 0 0 0 0 0 0 0 0 0 0 0 0 0 0 0 0 0 0 0 0 0 0 0 0 0 0 0 0 0 0 0 0 0 0 0 0 0 0 0 0 0 0 0 0 0 0 0 0 0 0 0 0 0 0 0 0 0 0 0 0 0 0 0 0 0 0 0 0 0 0 0 0 0 0 0 0 0 0 0 0 0 0 0 0 0 0 0 0 0 0 0 0 0 0 0 0 0 0 0 0 0 0 0 0 0 0 0 0 0 0 0 0 0 0 0 0 0 0 0 0 0 0 0 0 0 0 0 0 0 0 0 0 0 0 0 0 0 0 0 0 0 0 0 0 0 0 0 0 0 0 0 0 0 0 0 0 0 0 0 0 0 0 0 0 0 0 0 0 0 0 0 0 0 0 0 0 0 0 0 0 0 0 0 0 0 0 0 0 0 0 0 0 0 0 0 0 0 0 0 0 0 0

*set(P): 26074 4612 403 34 2 0 0 0 0 0 0 0 0 0 0 0 0 0 0 0 0 0 0 0 0 0 0 0 0 0 0 0 0 0 0 0 0 0 0 0 0 0 0 0 0 0 0 0 0 0 0 0 0 0 0 0 0 0 0 0 0 0 0 0 0 0 0 0 0 0 0 0 0 0 0 0 0 0 0 0 0 0 0 0 0 0 0 0 0 0 0 0 0 0 0 0 0 0 0 0 0 0 0 0 0 0 0 0 0 0 0 0 0 0 0 0 0 0 0 0 0 0 0 0 0 0 0 0 0 0 0 0 0 0 0 0 0 0 0 0 0 0 0 0 0 0 0 0 0 0 0 0 0 0 0 0 0 0 0 0 0 0 0 0 0 0 0 0 0 0 0 0 0 0 0 0 0 0 0 0 0 0 0 0 0 0 0 0 0 0 0 0 0 0 0 0 0 0 0 0 0 0 0 0 0 0 0 0 0 0 0 0 0 0 0 0 0 0 0 0 0 0 0 0 0 0 0 0 0 0 0 0 0 0 0 0 0 0 0 0 0 0 0 0 0 0 0 0 0 0 0 0 0 0 0 0 0 0 0 0 0 0 0 0 0 0 0 0 0 0 0 0 0 0 0 0 0 0 0 0 0 0 0 0 0 0 0 0 0 0 0 0 0 0 0 0 0 0 0 0 0 0 0 0 0 0 0 0 0 0 0 0 0 0 0 0 0 0 0 0 0 0 0 0 0 0 0 0 0 0 0 0 0 0 0 0 0 0 0 0 0 0 0 0 0 0 0 0 0 0 0 0 0 0 0 0 0 0 0 0 0 0 0 0 0 0 0 0 0 0 0 0 0 0 0 0 0 0 0 0 0 0 0 0 0 0 0 0 0 0 0 0 0 0 0 0 0 0 0 0 0 0 0 0 0 0 0 0 0 0 0 0 0 0 0 0 0 0 0 0 0 0 0 0 0 0 0 0 0 0 0 0 0 0 0 0 0 0 0 0 0 0 0 0 0 0 0 0 0 0 0 0 0 0 0 0 0 0 0 0 0 0 0 0 0 0 0 0 0 0 0 0 0 0 0 0 0 0 0 0 0 0 0 0 0 0 0 0 0 0 0 0 0 0 0 0 0 0 0 0 0 0 0 0 0 0 0 0 0 0 0 0 0 0 0 0 0 0 0 0 0 0 0 0 0 0 0 0 0 0 0 0 0 0 0 0 0 0 0 0 0 0 0 0 0 0 0 0 0 0 0 0 0 0 0 0 0 0 0 0 0 0 0 0 0 0 0 0 0 0 0 0 0 0 0 0 0 0 0 0 0 0 0 0 0 0 0 0 0 0 0 0 0 0 0 0 0 0 0 0 0 0 0 0 0 0 0 0 0 0 0 0 0 0 0 0 0 0 0 0 0 0 0 0 0 0 0 0 0 0 0 0 0 0 0 0 0 0 0 0 0 0 0 0 0 0 0 0 0 0 0 0 0 0 0 0 0 0 0 0 0 0 0 0 0 0 0 0 0 0 0 0 0 0 0 0 0 0 0 0 0 0 0 0 0 0 0 0 0 0 0 0 0 0 0 0 0 0 0 0 0 0 0 0 0 0 0 0 0 0 0 0 0 0 0 0 0 0 0 0 0 0 0 0 0 0 0 0 0 0 0 0 0 0 0 0 0 0 0 0 0 0 0 0 0 0 0 0 0 0 0 0 0 0 0 0 0 0 0 0 0 0 0 0 0 0 0 0 0 0 0 0 0 0 0 0 0 0 0 0 0 0 0 0 0 0 0 0 0 0 0 0 0 0 0 0 0 0 0 0 0 0 0 0 0 0 0 0 0 0 0 0 0 0 0 0 0 0 0 0 0 0 0 0 0 0 0 0 0 0 0 0 0 0 0 0 0 0 0 0 0 0 0 0 0 0 0 0 0 0 0 0 0 0 0 0 0 0 0 0 0 0 0 0 0 0 0 0 0 0 0 0 0 0 0 0 0 0 0 0 0 0 0 0 0 0 0 0 0 0 0 0 0 0 0 0 0 0 0 0 0 0 0 0 0 0 0 0 0 0 0 0 0 0 0 0 0 0 0 0 0 0 0 0 0 0 0 0 0 0 0 0 0 0 0 0 0 0 0 0 0 0 0 0 0 0 0 0 0 0 0 0 0 0 0 0 0 0 0 0 0 0 0 0 0 0 0 0 0 0 0 0 0 0 0 0 0 0 0 0 0 0 0 0 0 0 0 0 0 0 0 0 0 0 0 0 0 0 0 0 0 0 0 0 0 0 0 0 0 0 0 0 0 0 0 0 0 0 0 0 0 0 0 0 0 0 0 0 0 0 0 0 0 0 0 0 0 0 0 0 0 0 0 0 0 0 0 0 0 0 0 0 0 0 0 0 0 0 0 0 0 0 0 0 0 0 0 0 0 0 0 0 0 0 0 0 0 0 0 0 0 0 0 0 0 0 0 0 0 0 0 0 0 0 0 0 0 0 0 0 0 0 0 0 0 0 0 0 0 0 0 0 0 0 0 0 0 0 0 0 0 0 0 0 0 0 0 0 0 0 0 0 0 0 0 0 0 0 0 0 0 0 0 0 0 0 0 0 0 0 0 0 0 0 0 0 0 0 0 0 0 0 0 0 0 0 0 0 0 0 0 0 0 0 0 0 0 0 0 0 0 0 0 0 0 0 0 0 0 0 0 0 0 0 0 0 0 0 0 0 0 0 0 0 0 0 0 0 0 0 0 0 0 0 0 0 0 0 0 0 0 0 0 0 0 0 0 0 0 0 0 0 0 0 0 0 0 0 0 0 0 0 0 0 0 0 0 0 0 0 0 0 0 0 0 0 0 0 0 0 0 0 0 0 0 0 0 0 0 0 0 0 0 0 0 0 0 0 0 0 0 0 0 0 0 0 0 0 0 0 0 0 0 0 0 0 0 0 0 0 0 0 0 0 0 0 0 0 0 0 0 0 0 0 0 0 0 0 0 0 0 0 0 0 0 0 0 0 0 0 0 0 0 0 0 0 0 0 0 0 0 0 0 0 0 0 0 0 0 0 0 0 0 0 0 0 0 0 0 0 0 0 0 0 0 0 0 0 0 0 0 0 0 0 0 0 0 0 0 0 0 0 0 0 0 0 0 0 0 0 0 0 0 0 0 0 0 0 0 0 0 0 0 0 0 0 0 0 0 0 0 0 0 0 0 0 0 0 0 0 0 0 0 0 0 0 0 0 0 0 0 0 0 0 0 0 0 0 0 0 0 0 0 0 0 0 0 0 0 0 0 0 0 0 0 0 0 0 0 0 0 0 0 0 0 0 0 0 0 0 0 0 0 0 0 0 0 0 0 0 0 0 0 0 0 0 0 0 0 0 0 0 0 0 0 0 0 0 0 0 0 0 0 0 0 0 0 0 0 0 0 0 0 0 0 0 0 0 0 0 0 0 0 0 0 0 0 0 0 0 0 0 0 0 0 0 0 0 0 0 0 0 0 0 0 0 0 0 0 0 0 0 0 0 0 0 0 0 0 0 0 0 0 0 0 0 0 0 0 0 0 0 0 0 0 0 0 0 0 0 0 0 0 0 0 0 0 0 0 0 0 0 0 0 0 0 0 0 0 0 0 0 0 0 0 0 0 0 0 0 0 0 0 0 0 0 0 0 0 0 0 0 0 0 0 0 0 0 0 0 0 0 0 0 0 0 0 0 0 0 0 0 0 0 0 0 0 0 0 0 0 0 0 0 0 0 0 0 0 0 0 0 0 0 0 0 0 0 0 0 0 0 0 0 0 0 0 0 0 0 0 0 0 0 0 0 0 0 0 0 0 0 0 0 0 0 0 0 0 0 0 0 0 0 0 0 0 0 0 0 0 0 0 0 0 0 0 0 0 0 0 0 0 0 0 0 0 0 0 0 0 0 0 0 0 0 0 0 0 0 0 0 0 0 0 0 0 0 0 0 0 0 0 0 0 0 0 0 0 0 0 0 0 0 0 0 0 0 0 0 0 0 0 0 0 0 0 0 0 0 0 0 0 0 0 0 0 0 0 0 0 0 0 0 0 0 0 0 0 0 0 0 0 0 0 0 0 0 0 0 0 0 0 0 0 0 0 0 0 0 0 0 0 0 0 0 0 0 0 0 0 0 0 0 0 0 0 0 0 0 0 0 0 0 0 0 0 0 0 0 0 0 0 0 0 0 0 0 0 0 0 0 0 0 0 0 0 0 0 0 0 0 0 0 0 0 0 0 0 0 0 0 0 0 0 0 0 0 0 0 0 0 0 0 0 0 0 0 0 0 0 0 0 0 0 0 0 0 0 0 0 0 0 0 0 0 0 0 0 0 0 0 0 0 0 0 0 0 0 0 0 0 0 0 0 0 0 0 0 0 0 0 0 0 0 0 0 0 0 0 0 0 0 0 0 0 0 0 0 0 0 0 0 0 0 0 0 0 0 0 0 0 0 0 0 0 0 0 0 0 0 0 0 0 0 0 0 0 0 0 0 0 0 0 0 0 0 0 0 0 0
