*vertices 500
1
2
3
4
5
6
7
8
9
10
11
12
13
14
15
16
17
18
19
20
21
22
23
24
25
26
27
28
29
30
31
32
33
34
35
36
37
38
39
40
41
42
43
44
45
46
47
48
49
50
51
52
53
54
55
56
57
58
59
60
61
62
63
64
65
66
67
68
69
70
71
72
73
74
75
76
77
78
79
80
81
82
83
84
85
86
87
88
89
90
91
92
93
94
95
96
97
98
99
100
101
102
103
104
105
106
107
108
109
110
111
112
113
114
115
116
117
118
119
120
121
122
123
124
125
126
127
128
129
130
131
132
133
134
135
136
137
138
139
140
141
142
143
144
145
146
147
148
149
150
151
152
153
154
155
156
157
158
159
160
161
162
163
164
165
166
167
168
169
170
171
172
173
174
175
176
177
178
179
180
181
182
183
184
185
186
187
188
189
190
191
192
193
194
195
196
197
198
199
200
201
202
203
204
205
206
207
208
209
210
211
212
213
214
215
216
217
218
219
220
221
222
223
224
225
226
227
228
229
230
231
232
233
234
235
236
237
238
239
240
241
242
243
244
245
246
247
248
249
250
251
252
253
254
255
256
257
258
259
260
261
262
263
264
265
266
267
268
269
270
271
272
273
274
275
276
277
278
279
280
281
282
283
284
285
286
287
288
289
290
291
292
293
294
295
296
297
298
299
300
301
302
303
304
305
306
307
308
309
310
311
312
313
314
315
316
317
318
319
320
321
322
323
324
325
326
327
328
329
330
331
332
333
334
335
336
337
338
339
340
341
342
343
344
345
346
347
348
349
350
351
352
353
354
355
356
357
358
359
360
361
362
363
364
365
366
367
368
369
370
371
372
373
374
375
376
377
378
379
380
381
382
383
384
385
386
387
388
389
390
391
392
393
394
395
396
397
398
399
400
401
402
403
404
405
406
407
408
409
410
411
412
413
414
415
416
417
418
419
420
421
422
423
424
425
426
427
428
429
430
431
432
433
434
435
436
437
438
439
440
441
442
443
444
445
446
447
448
449
450
451
452
453
454
455
456
457
458
459
460
461
462
463
464
465
466
467
468
469
470
471
472
473
474
475
476
477
478
479
480
481
482
483
484
485
486
487
488
489
490
491
492
493
494
495
496
497
498
499
500
*arcs
1 460
2 6
2 74
2 102
2 347
2 390
2 419
2 438
2 477
3 69
3 170
3 212
3 300
3 460
3 473
4 46
4 348
4 356
5 147
5 178
5 339
5 402
5 436
6 2
6 8
6 122
6 170
6 300
6 325
6 368
6 380
6 432
6 459
7 34
7 35
7 92
7 120
7 242
7 249
7 363
7 379
7 417
7 452
8 58
8 104
8 119
8 195
8 197
8 420
8 459
9 123
9 291
9 342
9 390
9 431
9 438
9 446
9 456
10 15
11 24
11 31
11 37
11 50
11 202
11 374
11 405
11 420
12 86
12 321
13 20
13 21
13 58
13 92
13 398
13 411
14 105
14 258
15 158
15 163
15 351
16 27
16 78
16 187
16 245
16 310
16 460
16 477
17 48
17 168
18 30
18 166
18 232
18 323
18 339
18 377
18 445
18 490
19 42
19 59
19 61
19 68
19 274
19 398
20 13
20 64
20 394
20 429
21 13
21 16
21 194
21 332
21 398
21 410
21 451
22 206
22 343
22 385
22 407
22 486
22 495
23 49
23 112
23 242
23 323
23 347
23 419
23 443
23 468
24 37
24 288
24 293
24 305
24 323
24 357
24 408
24 464
25 470
26 458
27 34
27 65
27 187
27 203
27 218
27 220
27 326
27 388
27 420
28 15
28 35
28 121
28 314
28 400
28 445
28 458
28 495
29 34
29 249
29 293
29 363
29 377
29 433
29 460
29 467
29 498
30 188
30 209
30 353
30 414
30 451
30 478
31 11
31 289
31 374
31 446
32 31
32 197
32 235
32 267
32 352
33 176
34 7
34 11
34 27
34 91
34 148
34 249
34 369
34 407
34 443
35 28
35 50
35 137
35 303
35 311
35 366
35 489
35 495
36 204
36 315
37 11
37 24
37 122
37 188
37 491
38 205
39 13
39 56
39 74
39 77
39 170
39 213
39 242
39 277
39 293
39 359
39 364
39 424
40 127
40 465
41 58
41 105
41 273
41 388
41 446
42 43
42 104
42 209
42 290
42 396
42 476
42 478
42 492
43 65
43 308
44 141
44 202
44 206
44 219
44 231
44 263
44 400
44 434
45 23
45 206
45 398
45 399
46 106
46 192
47 118
47 147
47 216
47 409
47 418
47 431
47 464
47 493
48 17
49 294
50 11
50 41
50 42
50 101
50 138
50 388
50 407
50 479
51 83
51 434
52 403
52 482
53 228
53 440
54 283
55 107
55 219
55 228
55 318
55 329
55 455
55 474
55 480
56 39
56 77
56 126
56 162
56 364
56 392
56 447
57 42
58 13
58 41
58 80
58 92
58 117
58 293
58 332
58 383
59 19
59 68
59 69
59 211
59 237
59 249
59 315
59 375
59 390
59 424
59 451
60 225
60 251
61 126
61 162
61 238
61 242
61 309
61 378
61 493
62 87
62 435
63 84
63 354
64 97
64 148
64 280
65 204
66 61
66 74
66 195
66 208
66 242
66 274
66 365
66 383
67 82
67 174
68 19
68 59
68 211
68 220
68 264
68 302
68 326
68 433
69 219
69 223
69 357
69 491
70 21
70 138
70 142
70 247
70 368
70 400
71 22
71 123
71 380
71 457
72 27
72 155
72 469
73 283
74 8
74 39
74 66
74 197
74 242
74 292
74 481
75 295
75 304
76 11
76 197
76 210
76 264
76 374
76 420
76 438
77 39
77 56
77 172
77 180
77 207
77 222
77 277
77 316
77 318
78 29
78 148
78 216
78 259
78 285
78 332
78 350
78 360
78 495
79 47
79 146
79 260
79 292
79 332
79 343
79 353
79 418
79 475
80 396
80 482
81 67
81 134
81 381
82 21
82 97
82 122
82 147
82 200
82 321
82 364
82 475
83 51
83 73
85 125
85 236
86 304
86 313
87 310
88 36
88 201
88 455
90 142
90 178
90 190
90 290
90 300
90 317
90 343
90 383
90 467
91 19
91 34
91 232
91 445
91 448
91 449
91 452
91 468
91 480
91 497
92 13
92 58
92 119
92 235
92 273
92 327
92 482
93 86
94 11
94 153
94 222
94 291
94 337
94 384
94 431
94 456
94 494
95 235
95 389
96 205
96 405
97 82
97 300
97 326
97 334
97 369
97 489
98 35
98 122
98 123
98 259
98 339
98 411
99 177
99 183
99 188
99 248
99 399
99 495
100 462
100 500
101 6
101 50
101 131
101 138
101 170
101 416
101 420
102 2
102 454
103 73
104 8
104 122
104 126
104 194
104 369
104 378
105 9
105 14
105 41
105 99
105 216
105 409
105 486
106 198
106 376
107 81
107 307
108 258
108 347
109 29
109 220
109 300
110 48
111 224
111 317
111 462
112 386
113 272
113 278
114 9
114 142
114 208
114 209
114 243
114 256
114 396
115 132
115 141
115 230
115 344
115 346
116 199
116 240
116 244
117 4
117 58
117 90
117 136
117 202
117 213
117 334
117 394
118 147
118 206
118 207
118 333
118 358
118 366
118 404
118 464
119 8
121 178
121 180
121 203
121 275
121 285
121 311
121 400
121 436
122 6
122 37
122 82
122 185
122 188
122 228
122 239
122 372
123 9
123 71
123 77
123 98
123 180
123 211
123 456
124 13
124 35
124 146
124 216
124 292
124 353
124 419
124 475
124 486
126 61
126 94
126 162
126 195
126 293
126 398
126 409
127 40
127 264
128 43
128 88
129 108
129 189
130 40
130 426
131 113
131 383
132 171
133 182
133 243
133 484
134 223
135 30
135 282
135 370
136 394
137 311
137 366
137 388
137 396
137 407
137 491
137 494
138 39
138 82
138 101
138 263
138 306
138 464
139 95
139 337
140 179
140 412
141 44
141 206
141 229
141 385
141 433
141 479
142 70
142 178
142 247
142 267
142 343
143 157
144 178
144 305
144 310
144 373
144 461
145 264
145 439
146 124
146 332
146 343
146 353
147 5
147 16
147 23
147 35
147 107
147 118
147 189
147 380
147 414
147 418
148 78
148 285
148 289
148 295
148 375
148 398
148 407
149 179
149 276
150 34
150 207
150 216
150 259
150 405
151 46
151 215
152 175
153 110
154 53
154 225
154 350
155 46
155 483
156 175
156 269
157 150
157 443
158 83
158 165
159 1
159 488
161 335
162 31
162 126
162 316
162 365
162 378
163 56
163 112
163 197
163 228
163 259
163 314
163 334
163 350
163 475
165 299
165 303
166 18
166 323
166 339
166 357
166 377
166 465
166 486
167 220
167 253
168 426
168 442
169 71
169 222
169 229
169 285
169 306
169 326
169 340
170 3
170 6
170 62
170 101
170 156
170 212
170 289
170 318
170 366
170 459
170 463
170 477
170 481
171 132
172 77
172 194
172 224
172 243
172 277
172 340
172 401
172 463
173 401
174 232
175 156
176 33
177 61
177 143
177 242
177 273
177 326
177 492
178 5
178 90
178 121
178 142
178 208
178 285
178 300
178 328
178 383
178 405
178 406
179 140
179 149
180 77
180 121
180 123
180 207
180 399
180 436
180 490
181 185
181 188
181 263
181 311
181 377
181 464
182 133
183 174
183 239
184 312
185 167
185 181
185 287
185 316
185 377
185 438
186 267
187 16
187 102
187 181
187 302
187 414
187 430
187 465
188 30
188 37
188 79
188 122
188 406
188 408
188 469
189 129
190 50
190 84
190 274
190 313
190 372
191 381
192 473
193 387
194 61
194 71
194 108
194 172
194 195
194 203
194 213
194 438
195 8
195 66
195 119
195 194
195 197
195 243
195 419
195 459
196 322
196 338
197 32
197 60
197 66
197 74
197 115
197 195
197 426
198 437
198 471
199 158
199 371
200 81
200 255
201 320
201 395
202 88
202 273
202 331
202 361
202 390
202 464
203 96
203 117
203 121
203 123
203 190
203 191
203 464
205 152
205 359
206 44
206 57
206 118
206 141
206 224
206 263
206 379
206 440
207 77
207 118
207 172
207 180
207 202
207 399
208 61
208 66
208 114
208 178
208 274
208 324
208 368
208 378
208 408
209 30
209 42
209 180
209 219
209 446
210 233
210 494
211 209
211 224
211 317
211 407
211 434
211 454
212 3
212 95
212 170
212 262
212 268
212 425
212 446
213 118
213 194
213 291
213 318
214 185
214 280
214 387
215 276
216 78
216 124
216 150
216 419
216 445
216 481
217 221
217 262
218 204
218 213
218 291
218 388
218 406
219 44
219 69
219 97
219 295
219 321
219 365
219 455
219 491
220 25
220 167
220 252
221 227
221 416
222 32
222 94
222 150
222 293
222 333
222 361
222 375
222 463
223 234
224 44
224 68
224 111
224 138
224 492
225 60
226 28
226 279
227 114
227 221
227 294
228 55
228 259
228 326
228 457
228 476
228 494
229 203
229 299
229 316
229 350
229 447
229 491
230 251
230 352
231 206
231 263
231 379
231 492
232 91
232 218
232 239
232 245
232 252
232 343
232 378
232 402
233 367
234 130
234 274
235 37
235 56
235 92
235 256
235 262
236 72
236 408
237 59
237 68
237 280
237 315
237 343
237 375
238 61
238 114
238 193
238 383
238 481
238 493
239 85
239 122
239 175
239 228
239 249
239 366
240 327
241 32
241 198
242 7
242 23
242 39
242 61
242 66
242 74
242 177
242 195
242 228
242 350
242 494
243 114
243 147
243 195
243 331
243 373
244 109
245 12
245 16
245 74
245 232
245 302
245 310
245 402
245 445
245 452
245 479
245 487
246 460
247 56
247 70
247 142
247 291
247 394
248 133
248 393
249 7
249 29
249 34
249 218
249 256
249 407
249 424
250 103
250 349
251 197
251 421
252 160
253 163
253 444
253 497
254 261
255 75
255 200
255 257
255 268
256 114
256 235
256 249
256 273
256 339
256 491
257 271
257 286
258 456
259 98
259 102
259 150
259 169
259 228
259 285
259 326
259 362
260 66
260 79
260 218
260 290
260 398
261 37
261 308
261 422
262 37
262 235
262 361
262 365
262 419
262 425
262 429
263 44
263 185
263 206
263 231
263 315
263 414
264 105
264 196
264 333
265 194
266 348
266 430
267 32
267 82
267 94
267 197
267 278
267 332
268 183
269 156
269 233
269 496
270 73
270 79
270 444
271 38
272 455
273 41
273 202
273 241
273 249
273 351
273 390
273 400
274 5
274 19
274 66
274 208
274 232
274 365
275 397
275 429
276 246
277 19
277 39
277 77
277 172
277 218
277 448
277 461
278 267
278 403
278 472
279 8
279 210
280 153
280 244
281 63
281 289
282 247
282 367
283 54
283 89
284 138
284 167
285 78
285 121
285 169
285 259
285 306
285 328
285 360
286 87
286 398
287 431
287 480
287 491
288 24
288 282
288 305
288 386
288 464
289 31
289 148
289 177
289 187
289 229
289 357
290 42
290 45
290 68
290 353
290 388
290 490
291 94
291 247
291 290
291 318
291 456
292 74
292 79
292 124
292 224
292 284
292 372
292 380
292 405
292 463
293 13
293 24
293 58
293 59
293 273
293 357
293 390
293 480
294 49
294 224
294 395
295 47
295 222
295 314
295 326
295 328
295 353
296 67
296 173
296 298
297 80
297 398
298 336
299 96
299 389
300 6
300 61
300 90
300 178
300 383
300 417
300 454
301 1
301 36
301 168
301 186
301 212
302 218
302 255
302 256
302 374
302 402
303 143
303 173
304 33
304 86
304 333
305 24
305 59
305 218
305 249
305 288
305 413
305 424
305 493
306 169
306 218
306 228
306 285
306 291
306 398
306 431
306 438
307 234
307 336
308 319
308 496
309 10
309 61
309 174
309 224
309 287
309 307
309 332
309 334
309 355
309 431
310 126
310 144
310 173
310 195
310 373
310 417
310 451
311 35
312 31
313 66
313 194
314 11
314 28
314 70
314 163
314 317
314 343
314 350
314 454
315 59
315 97
315 237
315 263
315 269
315 279
315 341
315 360
315 369
315 397
315 463
316 39
316 56
316 185
316 229
316 300
316 333
316 405
316 447
317 7
317 45
317 90
317 99
317 111
317 207
317 314
317 399
317 407
317 451
318 23
318 39
318 55
318 77
318 91
318 213
318 242
318 291
318 366
319 266
319 356
320 19
321 69
321 82
321 114
321 387
321 404
321 426
321 453
321 475
321 487
322 38
322 173
322 196
322 450
323 18
323 23
323 126
323 141
323 166
323 247
323 339
323 347
323 357
323 369
324 59
324 68
324 144
324 224
324 247
324 288
324 305
324 369
324 378
324 424
325 122
325 361
326 169
326 177
326 212
326 228
326 259
326 285
326 460
326 473
327 10
327 19
327 427
328 148
328 178
328 285
328 295
328 379
329 338
329 450
330 442
331 243
331 324
331 361
331 369
331 436
331 489
332 21
332 61
332 79
332 101
332 146
332 256
332 267
332 301
332 309
332 343
332 485
333 148
333 316
333 365
333 375
333 447
334 12
334 309
334 444
334 480
335 161
335 362
336 106
337 139
338 116
339 18
339 98
339 114
339 166
339 256
339 302
339 310
339 323
339 405
340 42
340 85
340 169
340 373
340 410
340 419
340 457
341 49
342 93
343 22
343 79
343 142
343 146
343 332
343 407
344 115
345 232
345 309
345 378
345 447
345 478
345 481
345 497
346 157
347 2
347 108
347 170
347 323
347 416
348 4
349 250
349 437
350 29
350 78
350 93
350 142
350 154
350 163
350 229
350 314
350 360
350 455
350 491
351 279
352 224
352 230
353 27
353 74
353 124
353 146
353 148
353 290
353 295
353 344
353 388
354 448
355 160
355 278
356 428
357 13
357 24
357 166
357 289
357 293
357 323
357 405
358 315
358 442
359 21
359 240
359 441
360 78
360 91
360 285
360 306
360 325
360 345
360 350
360 448
360 480
361 84
361 262
361 325
361 419
362 26
362 259
363 7
363 29
363 103
363 118
363 370
363 379
363 404
363 433
363 452
363 478
363 498
364 39
364 56
364 60
364 137
364 150
364 363
365 9
365 66
365 219
365 270
365 274
366 118
366 137
366 170
366 250
366 263
366 309
366 399
367 282
367 416
368 2
368 114
368 206
368 208
368 248
369 34
369 97
369 104
369 323
369 324
369 331
369 402
369 468
370 363
370 380
371 199
371 348
372 19
372 187
372 190
372 247
372 418
373 8
373 144
373 310
373 330
373 340
373 364
373 451
374 11
374 31
374 34
374 76
374 302
374 404
374 409
374 420
374 478
374 493
375 45
375 59
375 92
375 148
375 237
375 333
375 477
376 106
377 18
377 166
377 181
377 185
377 243
377 374
377 449
377 470
378 61
378 72
378 77
378 104
378 232
378 248
378 345
378 424
379 90
379 141
379 206
379 231
379 328
379 426
380 82
380 97
380 147
381 191
381 351
382 129
382 383
383 66
383 90
383 300
383 480
384 145
384 298
384 319
385 411
385 488
386 155
386 221
387 82
387 214
387 340
387 463
388 41
388 290
388 353
388 418
388 446
388 448
388 456
388 489
389 455
390 59
390 202
390 273
390 438
391 422
393 161
393 164
393 240
393 388
394 20
394 202
394 247
394 361
394 419
394 475
395 456
396 2
396 7
396 19
396 137
396 494
397 308
398 13
398 21
398 126
398 297
398 364
399 45
399 99
399 207
399 314
399 317
399 366
399 446
400 44
400 70
400 121
400 142
400 203
401 63
402 5
402 18
402 232
402 245
402 324
402 369
403 221
403 278
403 287
404 30
404 118
404 147
404 321
404 413
405 3
405 30
405 63
405 150
405 178
405 241
405 318
405 357
405 428
406 5
406 32
406 178
406 188
406 218
406 249
406 491
407 22
407 34
407 211
407 249
407 343
407 385
407 495
408 24
408 146
408 391
408 477
408 486
409 216
409 229
409 374
409 394
409 426
409 449
409 486
409 494
410 41
410 123
410 148
410 340
410 375
411 13
411 35
411 92
411 121
411 150
411 216
411 259
411 475
411 494
412 151
412 341
413 61
413 219
413 242
413 305
413 331
413 387
413 455
413 463
414 30
414 162
414 217
414 262
414 328
414 379
415 192
415 351
416 138
416 275
417 212
417 310
417 451
417 455
418 47
418 79
418 147
418 216
418 264
418 277
418 318
418 388
418 447
418 451
418 457
418 475
419 90
419 122
419 206
419 262
419 288
419 340
419 361
419 372
419 394
419 433
420 11
420 27
420 35
420 50
420 76
420 101
420 374
421 366
422 261
422 317
422 391
423 192
423 408
424 39
424 47
424 59
424 277
424 305
424 324
424 357
424 378
424 413
424 492
425 212
425 262
425 461
425 489
426 130
426 168
426 184
426 197
426 237
426 247
426 321
426 464
427 348
428 271
428 376
429 275
429 335
430 283
431 9
431 47
431 94
431 202
431 305
431 306
431 438
432 217
432 265
433 141
433 169
433 479
434 20
434 47
434 101
434 345
434 425
434 449
434 464
435 51
435 62
436 5
436 37
436 121
436 180
436 215
436 315
436 406
436 415
436 439
436 490
437 349
438 2
438 9
438 76
438 185
438 306
438 390
438 431
438 446
438 460
439 116
439 466
440 57
440 286
441 393
442 122
443 150
443 160
444 270
445 18
445 22
445 135
445 136
445 216
445 245
445 398
445 452
445 475
446 9
446 31
446 209
446 212
446 260
446 399
446 489
447 41
447 117
447 229
447 316
447 333
447 345
447 418
447 499
448 7
448 22
448 91
448 234
448 277
448 291
448 388
448 452
448 468
448 497
449 91
449 311
449 353
449 409
449 468
449 494
450 120
450 288
451 30
451 310
451 372
451 417
451 418
452 7
452 20
452 90
452 245
452 317
452 363
452 417
452 438
452 445
452 448
453 117
453 254
453 479
454 55
454 193
454 211
454 379
454 434
454 448
454 455
454 473
455 55
455 66
455 88
455 247
455 350
455 417
455 448
455 474
456 9
456 123
456 190
456 209
456 288
456 291
456 455
457 76
457 136
457 340
457 419
458 28
458 37
458 367
459 6
459 8
459 104
459 122
459 163
459 378
460 1
460 52
460 209
460 326
460 367
460 368
460 473
460 492
461 277
461 296
461 339
461 407
461 425
461 459
461 489
463 14
463 26
463 315
463 365
463 387
463 413
463 473
464 35
464 47
464 232
464 288
464 372
464 426
465 64
465 166
466 390
466 439
467 382
467 427
468 91
468 281
468 399
468 449
468 497
469 128
469 253
470 371
470 384
471 342
471 449
472 60
472 249
473 13
473 20
473 92
473 99
473 126
473 315
473 326
473 410
473 460
473 463
474 75
474 128
475 79
475 82
475 117
475 216
475 321
475 418
475 445
476 432
477 2
477 16
477 45
477 114
477 227
477 333
477 375
477 481
478 30
478 76
478 141
478 345
478 363
478 468
478 486
479 50
479 181
479 259
479 414
479 433
480 55
480 91
480 234
480 293
480 360
480 456
480 458
481 170
481 179
481 420
481 477
482 92
483 103
484 201
484 493
485 339
485 442
486 22
486 141
486 166
486 490
486 494
488 159
488 252
489 35
489 97
489 185
489 289
489 388
489 425
489 446
489 461
489 479
489 488
490 18
490 180
490 267
490 315
490 324
490 436
490 474
491 69
491 72
491 82
491 193
491 219
491 229
491 246
491 256
491 305
491 350
492 39
492 42
492 177
492 209
492 216
492 231
492 325
492 460
492 471
493 152
493 238
493 259
493 295
493 305
493 328
493 374
493 478
494 137
494 209
494 228
494 242
494 396
494 409
494 411
494 486
495 22
495 28
495 35
495 99
495 150
495 264
495 407
496 308
497 91
497 211
497 296
497 388
497 448
497 452
497 468
498 370
498 401
499 447
500 100
500 106
500 176


***This graph contains:****
vertices	     500
arc	2191
reciprocity	511
AinS(2.00)	2691.82568
AoutS(2.00)	2746.33447
AT-T(2.00)	817.75000
A2P-TD(2.00)	8666.81250

binaryAttribute_interaction	1581
binaryAttribute_sender	1753
binaryAttribute_receiver	1688

Digraph Density = 0.00878

In-degree Distribution:(range[0..n-1])
2	63	130	53	37	42	44	38	39	26	14	10	1	1	0	0	0	0	0	0	0	0	0	0	0	0	0	0	0	0	0	0	0	0	0	0	0	0	0	0	0	0	0	0	0	0	0	0	0	0	0	0	0	0	0	0	0	0	0	0	0	0	0	0	0	0	0	0	0	0	0	0	0	0	0	0	0	0	0	0	0	0	0	0	0	0	0	0	0	0	0	0	0	0	0	0	0	0	0	0	0	0	0	0	0	0	0	0	0	0	0	0	0	0	0	0	0	0	0	0	0	0	0	0	0	0	0	0	0	0	0	0	0	0	0	0	0	0	0	0	0	0	0	0	0	0	0	0	0	0	0	0	0	0	0	0	0	0	0	0	0	0	0	0	0	0	0	0	0	0	0	0	0	0	0	0	0	0	0	0	0	0	0	0	0	0	0	0	0	0	0	0	0	0	0	0	0	0	0	0	0	0	0	0	0	0	0	0	0	0	0	0	0	0	0	0	0	0	0	0	0	0	0	0	0	0	0	0	0	0	0	0	0	0	0	0	0	0	0	0	0	0	0	0	0	0	0	0	0	0	0	0	0	0	0	0	0	0	0	0	0	0	0	0	0	0	0	0	0	0	0	0	0	0	0	0	0	0	0	0	0	0	0	0	0	0	0	0	0	0	0	0	0	0	0	0	0	0	0	0	0	0	0	0	0	0	0	0	0	0	0	0	0	0	0	0	0	0	0	0	0	0	0	0	0	0	0	0	0	0	0	0	0	0	0	0	0	0	0	0	0	0	0	0	0	0	0	0	0	0	0	0	0	0	0	0	0	0	0	0	0	0	0	0	0	0	0	0	0	0	0	0	0	0	0	0	0	0	0	0	0	0	0	0	0	0	0	0	0	0	0	0	0	0	0	0	0	0	0	0	0	0	0	0	0	0	0	0	0	0	0	0	0	0	0	0	0	0	0	0	0	0	0	0	0	0	0	0	0	0	0	0	0	0	0	0	0	0	0	0	0	0	0	0	0	0	0	0	0	0	0	0	0	0	0	0	0	0	0	0	0	0	0	0	0	0	0	0	0	0	0	0	0	0	0	0	0	0	0	0	0	0	0	0	0	0	0	0	0	0	0	0	0	0	0	0	0	0	0	0	
Standard deviation of in-degree distribution = 2.856641
Skewness of in-degree distribution = 0.621550
Out-degree Distribution:(range[0..n-1])
10	86	120	35	20	37	41	52	49	22	17	8	2	1	0	0	0	0	0	0	0	0	0	0	0	0	0	0	0	0	0	0	0	0	0	0	0	0	0	0	0	0	0	0	0	0	0	0	0	0	0	0	0	0	0	0	0	0	0	0	0	0	0	0	0	0	0	0	0	0	0	0	0	0	0	0	0	0	0	0	0	0	0	0	0	0	0	0	0	0	0	0	0	0	0	0	0	0	0	0	0	0	0	0	0	0	0	0	0	0	0	0	0	0	0	0	0	0	0	0	0	0	0	0	0	0	0	0	0	0	0	0	0	0	0	0	0	0	0	0	0	0	0	0	0	0	0	0	0	0	0	0	0	0	0	0	0	0	0	0	0	0	0	0	0	0	0	0	0	0	0	0	0	0	0	0	0	0	0	0	0	0	0	0	0	0	0	0	0	0	0	0	0	0	0	0	0	0	0	0	0	0	0	0	0	0	0	0	0	0	0	0	0	0	0	0	0	0	0	0	0	0	0	0	0	0	0	0	0	0	0	0	0	0	0	0	0	0	0	0	0	0	0	0	0	0	0	0	0	0	0	0	0	0	0	0	0	0	0	0	0	0	0	0	0	0	0	0	0	0	0	0	0	0	0	0	0	0	0	0	0	0	0	0	0	0	0	0	0	0	0	0	0	0	0	0	0	0	0	0	0	0	0	0	0	0	0	0	0	0	0	0	0	0	0	0	0	0	0	0	0	0	0	0	0	0	0	0	0	0	0	0	0	0	0	0	0	0	0	0	0	0	0	0	0	0	0	0	0	0	0	0	0	0	0	0	0	0	0	0	0	0	0	0	0	0	0	0	0	0	0	0	0	0	0	0	0	0	0	0	0	0	0	0	0	0	0	0	0	0	0	0	0	0	0	0	0	0	0	0	0	0	0	0	0	0	0	0	0	0	0	0	0	0	0	0	0	0	0	0	0	0	0	0	0	0	0	0	0	0	0	0	0	0	0	0	0	0	0	0	0	0	0	0	0	0	0	0	0	0	0	0	0	0	0	0	0	0	0	0	0	0	0	0	0	0	0	0	0	0	0	0	0	0	0	0	0	0	0	0	0	0	0	0	0	0	0	0	0	0	0	0	0	0	0	0	0	0	0	0	
Standard deviation of out-degree distribution = 3.033559
Skewness of out-degree distribution = 0.471170
Corr. Coef. between in and out degree distributions = 0.785627
Mean degree = 4.38200

Global Clustering Coefficients:
Cto =  0.07674
Cti =  0.08021
Ctm =  0.07686
Ccm =  0.07360
AKC-T =  0.07076
AKC-D =  0.07066
AKC-U =  0.07361
AKC-C =  0.06808

Geodesic Distribution:(range[1..n-1,inf])
Note: geodesic = shortest path between two nodes.
The geodesic distribution is not based on semi-paths.
2191	10430	38479	61821	51818	33614	18224	9477	4660	2267	1307	593	212	74	7	3	0	0	0	0	0	0	0	0	0	0	0	0	0	0	0	0	0	0	0	0	0	0	0	0	0	0	0	0	0	0	0	0	0	0	0	0	0	0	0	0	0	0	0	0	0	0	0	0	0	0	0	0	0	0	0	0	0	0	0	0	0	0	0	0	0	0	0	0	0	0	0	0	0	0	0	0	0	0	0	0	0	0	0	0	0	0	0	0	0	0	0	0	0	0	0	0	0	0	0	0	0	0	0	0	0	0	0	0	0	0	0	0	0	0	0	0	0	0	0	0	0	0	0	0	0	0	0	0	0	0	0	0	0	0	0	0	0	0	0	0	0	0	0	0	0	0	0	0	0	0	0	0	0	0	0	0	0	0	0	0	0	0	0	0	0	0	0	0	0	0	0	0	0	0	0	0	0	0	0	0	0	0	0	0	0	0	0	0	0	0	0	0	0	0	0	0	0	0	0	0	0	0	0	0	0	0	0	0	0	0	0	0	0	0	0	0	0	0	0	0	0	0	0	0	0	0	0	0	0	0	0	0	0	0	0	0	0	0	0	0	0	0	0	0	0	0	0	0	0	0	0	0	0	0	0	0	0	0	0	0	0	0	0	0	0	0	0	0	0	0	0	0	0	0	0	0	0	0	0	0	0	0	0	0	0	0	0	0	0	0	0	0	0	0	0	0	0	0	0	0	0	0	0	0	0	0	0	0	0	0	0	0	0	0	0	0	0	0	0	0	0	0	0	0	0	0	0	0	0	0	0	0	0	0	0	0	0	0	0	0	0	0	0	0	0	0	0	0	0	0	0	0	0	0	0	0	0	0	0	0	0	0	0	0	0	0	0	0	0	0	0	0	0	0	0	0	0	0	0	0	0	0	0	0	0	0	0	0	0	0	0	0	0	0	0	0	0	0	0	0	0	0	0	0	0	0	0	0	0	0	0	0	0	0	0	0	0	0	0	0	0	0	0	0	0	0	0	0	0	0	0	0	0	0	0	0	0	0	0	0	0	0	0	0	0	0	0	0	0	0	0	0	0	0	0	0	0	0	0	0	0	0	0	0	0	0	0	0	0	0	0	0	0	0	0	0	0	0	0	0	0	0	0	14323	
Quartiles of the geodesic distribution.
Note: Quartiles equal to the number of nodes refer to infinite geodesics.
4	5	6	500	
Triad Census:
300	71
210	102
120C	42
120D	35
120U	23
201	1288
111D	2581
111U	2736
030T	31
030C	8
102	246068
021D	1406
021C	2959
021U	1289
012	565118
003	19884743
