*vertices 2000
1
2
3
4
5
6
7
8
9
10
11
12
13
14
15
16
17
18
19
20
21
22
23
24
25
26
27
28
29
30
31
32
33
34
35
36
37
38
39
40
41
42
43
44
45
46
47
48
49
50
51
52
53
54
55
56
57
58
59
60
61
62
63
64
65
66
67
68
69
70
71
72
73
74
75
76
77
78
79
80
81
82
83
84
85
86
87
88
89
90
91
92
93
94
95
96
97
98
99
100
101
102
103
104
105
106
107
108
109
110
111
112
113
114
115
116
117
118
119
120
121
122
123
124
125
126
127
128
129
130
131
132
133
134
135
136
137
138
139
140
141
142
143
144
145
146
147
148
149
150
151
152
153
154
155
156
157
158
159
160
161
162
163
164
165
166
167
168
169
170
171
172
173
174
175
176
177
178
179
180
181
182
183
184
185
186
187
188
189
190
191
192
193
194
195
196
197
198
199
200
201
202
203
204
205
206
207
208
209
210
211
212
213
214
215
216
217
218
219
220
221
222
223
224
225
226
227
228
229
230
231
232
233
234
235
236
237
238
239
240
241
242
243
244
245
246
247
248
249
250
251
252
253
254
255
256
257
258
259
260
261
262
263
264
265
266
267
268
269
270
271
272
273
274
275
276
277
278
279
280
281
282
283
284
285
286
287
288
289
290
291
292
293
294
295
296
297
298
299
300
301
302
303
304
305
306
307
308
309
310
311
312
313
314
315
316
317
318
319
320
321
322
323
324
325
326
327
328
329
330
331
332
333
334
335
336
337
338
339
340
341
342
343
344
345
346
347
348
349
350
351
352
353
354
355
356
357
358
359
360
361
362
363
364
365
366
367
368
369
370
371
372
373
374
375
376
377
378
379
380
381
382
383
384
385
386
387
388
389
390
391
392
393
394
395
396
397
398
399
400
401
402
403
404
405
406
407
408
409
410
411
412
413
414
415
416
417
418
419
420
421
422
423
424
425
426
427
428
429
430
431
432
433
434
435
436
437
438
439
440
441
442
443
444
445
446
447
448
449
450
451
452
453
454
455
456
457
458
459
460
461
462
463
464
465
466
467
468
469
470
471
472
473
474
475
476
477
478
479
480
481
482
483
484
485
486
487
488
489
490
491
492
493
494
495
496
497
498
499
500
501
502
503
504
505
506
507
508
509
510
511
512
513
514
515
516
517
518
519
520
521
522
523
524
525
526
527
528
529
530
531
532
533
534
535
536
537
538
539
540
541
542
543
544
545
546
547
548
549
550
551
552
553
554
555
556
557
558
559
560
561
562
563
564
565
566
567
568
569
570
571
572
573
574
575
576
577
578
579
580
581
582
583
584
585
586
587
588
589
590
591
592
593
594
595
596
597
598
599
600
601
602
603
604
605
606
607
608
609
610
611
612
613
614
615
616
617
618
619
620
621
622
623
624
625
626
627
628
629
630
631
632
633
634
635
636
637
638
639
640
641
642
643
644
645
646
647
648
649
650
651
652
653
654
655
656
657
658
659
660
661
662
663
664
665
666
667
668
669
670
671
672
673
674
675
676
677
678
679
680
681
682
683
684
685
686
687
688
689
690
691
692
693
694
695
696
697
698
699
700
701
702
703
704
705
706
707
708
709
710
711
712
713
714
715
716
717
718
719
720
721
722
723
724
725
726
727
728
729
730
731
732
733
734
735
736
737
738
739
740
741
742
743
744
745
746
747
748
749
750
751
752
753
754
755
756
757
758
759
760
761
762
763
764
765
766
767
768
769
770
771
772
773
774
775
776
777
778
779
780
781
782
783
784
785
786
787
788
789
790
791
792
793
794
795
796
797
798
799
800
801
802
803
804
805
806
807
808
809
810
811
812
813
814
815
816
817
818
819
820
821
822
823
824
825
826
827
828
829
830
831
832
833
834
835
836
837
838
839
840
841
842
843
844
845
846
847
848
849
850
851
852
853
854
855
856
857
858
859
860
861
862
863
864
865
866
867
868
869
870
871
872
873
874
875
876
877
878
879
880
881
882
883
884
885
886
887
888
889
890
891
892
893
894
895
896
897
898
899
900
901
902
903
904
905
906
907
908
909
910
911
912
913
914
915
916
917
918
919
920
921
922
923
924
925
926
927
928
929
930
931
932
933
934
935
936
937
938
939
940
941
942
943
944
945
946
947
948
949
950
951
952
953
954
955
956
957
958
959
960
961
962
963
964
965
966
967
968
969
970
971
972
973
974
975
976
977
978
979
980
981
982
983
984
985
986
987
988
989
990
991
992
993
994
995
996
997
998
999
1000
1001
1002
1003
1004
1005
1006
1007
1008
1009
1010
1011
1012
1013
1014
1015
1016
1017
1018
1019
1020
1021
1022
1023
1024
1025
1026
1027
1028
1029
1030
1031
1032
1033
1034
1035
1036
1037
1038
1039
1040
1041
1042
1043
1044
1045
1046
1047
1048
1049
1050
1051
1052
1053
1054
1055
1056
1057
1058
1059
1060
1061
1062
1063
1064
1065
1066
1067
1068
1069
1070
1071
1072
1073
1074
1075
1076
1077
1078
1079
1080
1081
1082
1083
1084
1085
1086
1087
1088
1089
1090
1091
1092
1093
1094
1095
1096
1097
1098
1099
1100
1101
1102
1103
1104
1105
1106
1107
1108
1109
1110
1111
1112
1113
1114
1115
1116
1117
1118
1119
1120
1121
1122
1123
1124
1125
1126
1127
1128
1129
1130
1131
1132
1133
1134
1135
1136
1137
1138
1139
1140
1141
1142
1143
1144
1145
1146
1147
1148
1149
1150
1151
1152
1153
1154
1155
1156
1157
1158
1159
1160
1161
1162
1163
1164
1165
1166
1167
1168
1169
1170
1171
1172
1173
1174
1175
1176
1177
1178
1179
1180
1181
1182
1183
1184
1185
1186
1187
1188
1189
1190
1191
1192
1193
1194
1195
1196
1197
1198
1199
1200
1201
1202
1203
1204
1205
1206
1207
1208
1209
1210
1211
1212
1213
1214
1215
1216
1217
1218
1219
1220
1221
1222
1223
1224
1225
1226
1227
1228
1229
1230
1231
1232
1233
1234
1235
1236
1237
1238
1239
1240
1241
1242
1243
1244
1245
1246
1247
1248
1249
1250
1251
1252
1253
1254
1255
1256
1257
1258
1259
1260
1261
1262
1263
1264
1265
1266
1267
1268
1269
1270
1271
1272
1273
1274
1275
1276
1277
1278
1279
1280
1281
1282
1283
1284
1285
1286
1287
1288
1289
1290
1291
1292
1293
1294
1295
1296
1297
1298
1299
1300
1301
1302
1303
1304
1305
1306
1307
1308
1309
1310
1311
1312
1313
1314
1315
1316
1317
1318
1319
1320
1321
1322
1323
1324
1325
1326
1327
1328
1329
1330
1331
1332
1333
1334
1335
1336
1337
1338
1339
1340
1341
1342
1343
1344
1345
1346
1347
1348
1349
1350
1351
1352
1353
1354
1355
1356
1357
1358
1359
1360
1361
1362
1363
1364
1365
1366
1367
1368
1369
1370
1371
1372
1373
1374
1375
1376
1377
1378
1379
1380
1381
1382
1383
1384
1385
1386
1387
1388
1389
1390
1391
1392
1393
1394
1395
1396
1397
1398
1399
1400
1401
1402
1403
1404
1405
1406
1407
1408
1409
1410
1411
1412
1413
1414
1415
1416
1417
1418
1419
1420
1421
1422
1423
1424
1425
1426
1427
1428
1429
1430
1431
1432
1433
1434
1435
1436
1437
1438
1439
1440
1441
1442
1443
1444
1445
1446
1447
1448
1449
1450
1451
1452
1453
1454
1455
1456
1457
1458
1459
1460
1461
1462
1463
1464
1465
1466
1467
1468
1469
1470
1471
1472
1473
1474
1475
1476
1477
1478
1479
1480
1481
1482
1483
1484
1485
1486
1487
1488
1489
1490
1491
1492
1493
1494
1495
1496
1497
1498
1499
1500
1501
1502
1503
1504
1505
1506
1507
1508
1509
1510
1511
1512
1513
1514
1515
1516
1517
1518
1519
1520
1521
1522
1523
1524
1525
1526
1527
1528
1529
1530
1531
1532
1533
1534
1535
1536
1537
1538
1539
1540
1541
1542
1543
1544
1545
1546
1547
1548
1549
1550
1551
1552
1553
1554
1555
1556
1557
1558
1559
1560
1561
1562
1563
1564
1565
1566
1567
1568
1569
1570
1571
1572
1573
1574
1575
1576
1577
1578
1579
1580
1581
1582
1583
1584
1585
1586
1587
1588
1589
1590
1591
1592
1593
1594
1595
1596
1597
1598
1599
1600
1601
1602
1603
1604
1605
1606
1607
1608
1609
1610
1611
1612
1613
1614
1615
1616
1617
1618
1619
1620
1621
1622
1623
1624
1625
1626
1627
1628
1629
1630
1631
1632
1633
1634
1635
1636
1637
1638
1639
1640
1641
1642
1643
1644
1645
1646
1647
1648
1649
1650
1651
1652
1653
1654
1655
1656
1657
1658
1659
1660
1661
1662
1663
1664
1665
1666
1667
1668
1669
1670
1671
1672
1673
1674
1675
1676
1677
1678
1679
1680
1681
1682
1683
1684
1685
1686
1687
1688
1689
1690
1691
1692
1693
1694
1695
1696
1697
1698
1699
1700
1701
1702
1703
1704
1705
1706
1707
1708
1709
1710
1711
1712
1713
1714
1715
1716
1717
1718
1719
1720
1721
1722
1723
1724
1725
1726
1727
1728
1729
1730
1731
1732
1733
1734
1735
1736
1737
1738
1739
1740
1741
1742
1743
1744
1745
1746
1747
1748
1749
1750
1751
1752
1753
1754
1755
1756
1757
1758
1759
1760
1761
1762
1763
1764
1765
1766
1767
1768
1769
1770
1771
1772
1773
1774
1775
1776
1777
1778
1779
1780
1781
1782
1783
1784
1785
1786
1787
1788
1789
1790
1791
1792
1793
1794
1795
1796
1797
1798
1799
1800
1801
1802
1803
1804
1805
1806
1807
1808
1809
1810
1811
1812
1813
1814
1815
1816
1817
1818
1819
1820
1821
1822
1823
1824
1825
1826
1827
1828
1829
1830
1831
1832
1833
1834
1835
1836
1837
1838
1839
1840
1841
1842
1843
1844
1845
1846
1847
1848
1849
1850
1851
1852
1853
1854
1855
1856
1857
1858
1859
1860
1861
1862
1863
1864
1865
1866
1867
1868
1869
1870
1871
1872
1873
1874
1875
1876
1877
1878
1879
1880
1881
1882
1883
1884
1885
1886
1887
1888
1889
1890
1891
1892
1893
1894
1895
1896
1897
1898
1899
1900
1901
1902
1903
1904
1905
1906
1907
1908
1909
1910
1911
1912
1913
1914
1915
1916
1917
1918
1919
1920
1921
1922
1923
1924
1925
1926
1927
1928
1929
1930
1931
1932
1933
1934
1935
1936
1937
1938
1939
1940
1941
1942
1943
1944
1945
1946
1947
1948
1949
1950
1951
1952
1953
1954
1955
1956
1957
1958
1959
1960
1961
1962
1963
1964
1965
1966
1967
1968
1969
1970
1971
1972
1973
1974
1975
1976
1977
1978
1979
1980
1981
1982
1983
1984
1985
1986
1987
1988
1989
1990
1991
1992
1993
1994
1995
1996
1997
1998
1999
2000
*arcs
1 4
1 448
1 1404
1 1559
2 733
2 1130
2 1593
3 194
3 750
3 848
3 1157
4 1
4 101
4 555
4 1265
4 1404
4 1601
5 370
5 702
5 1089
5 1383
5 1617
6 22
6 1784
6 1839
6 1931
6 1940
7 251
7 445
7 623
7 816
7 1229
7 1307
7 1325
7 1485
8 262
8 294
8 1089
8 1148
8 1198
8 1989
9 261
9 310
9 420
9 432
9 1200
10 944
10 1502
10 1647
10 1650
11 373
11 1008
11 1391
11 1500
12 1148
13 102
13 273
13 293
13 360
13 809
13 1023
13 1708
14 868
14 870
14 1160
15 752
15 929
15 1164
15 1465
15 1622
15 1687
15 1960
16 760
16 1729
17 259
17 536
17 572
18 966
18 1246
18 1924
19 150
19 490
19 754
19 1456
19 1540
19 1721
19 1997
20 387
20 491
20 1291
20 1346
20 1671
21 265
21 745
21 1410
21 1936
22 694
22 1641
22 1665
22 1893
22 1897
23 515
23 726
23 1013
23 1522
23 1668
24 586
24 1878
24 1949
25 115
25 256
25 365
26 77
26 1129
26 1196
26 1350
27 1659
28 224
28 369
28 619
28 1972
29 105
29 209
29 1665
30 434
30 786
30 841
30 1939
31 368
31 476
31 547
31 1650
32 388
32 1578
32 1667
33 385
33 480
33 1408
33 1863
34 394
34 1421
34 1493
34 1661
35 541
35 1332
35 1839
36 560
36 1590
37 381
38 1802
38 1879
39 455
39 633
39 1706
40 125
40 159
40 657
40 1440
41 448
41 549
41 1540
41 1631
41 1755
42 536
42 1908
43 180
43 574
43 708
43 1049
43 1804
44 541
44 549
45 141
45 232
45 246
45 252
45 797
45 935
45 995
46 492
46 510
46 1415
46 1652
47 1334
47 1753
48 1010
48 1914
49 292
49 889
49 1389
50 434
50 760
51 249
51 561
51 977
51 1010
51 1362
51 1716
51 1963
52 397
52 444
52 556
53 948
53 1964
54 5
54 120
54 778
55 21
55 1395
55 1428
55 1756
56 7
56 443
56 452
56 1599
56 1798
56 1994
57 476
57 715
57 1032
58 523
58 1002
58 1124
58 1674
58 1854
59 107
60 178
60 523
60 1338
60 1527
60 1942
61 167
61 466
61 1093
61 1577
61 1935
61 1949
62 343
62 906
63 75
63 626
63 765
63 1560
64 236
64 1426
65 271
65 307
65 328
65 1239
65 1505
65 1985
66 493
66 829
66 1202
67 15
67 412
67 484
67 764
67 1083
67 1162
67 1181
67 1560
67 1565
68 85
68 978
68 1226
68 1633
69 326
69 545
69 703
69 1140
69 1350
69 1502
69 1592
69 1657
70 176
70 250
70 575
70 1605
70 1607
71 266
71 659
71 1616
71 1823
72 135
72 432
72 838
72 1422
72 1819
73 77
73 715
74 53
74 626
74 800
74 946
74 1281
74 1288
75 63
75 160
75 528
75 1346
75 1364
76 1357
76 1574
77 73
77 221
77 235
77 492
77 715
77 867
78 415
78 1034
78 1144
78 1323
79 481
79 1060
79 1796
80 41
80 772
80 1784
81 171
81 322
81 686
81 996
81 1527
81 1694
81 1951
82 1017
82 1078
82 1194
82 1604
82 1953
83 693
83 790
83 932
83 1020
84 392
84 409
84 948
84 1675
85 343
85 794
85 1091
85 1605
86 1324
86 1476
87 291
87 527
87 892
88 127
88 160
88 616
88 727
88 879
88 932
88 1246
88 1928
89 3
89 163
89 206
89 362
89 742
89 1047
90 206
90 997
91 781
91 1158
91 1191
91 1647
92 289
92 1183
93 115
93 234
93 466
93 478
93 1275
93 1314
93 1949
94 76
94 258
94 627
94 1214
94 1235
94 1536
95 475
95 1352
96 187
96 725
96 1215
96 1828
96 1987
97 590
97 1571
98 959
98 1065
98 1522
99 863
100 19
100 391
100 470
100 934
100 1344
101 1672
102 522
102 608
102 819
102 1241
103 423
104 353
104 739
104 778
104 959
104 1866
104 1953
105 26
105 164
105 172
105 1027
105 1667
105 1855
105 1970
106 1221
106 1435
107 777
107 1589
107 1656
107 1762
108 1067
108 1092
108 1280
109 474
110 953
111 11
111 222
112 364
112 459
112 592
113 1130
113 1284
113 1693
113 1954
113 1969
114 362
114 588
114 1315
114 1360
114 1964
115 93
115 123
115 408
115 754
115 1457
115 1543
115 1793
115 1927
116 391
116 1190
116 1931
117 441
117 742
117 996
117 1739
117 1794
117 1843
117 1979
118 562
118 1144
118 1650
119 1926
120 535
120 735
120 1486
120 1599
121 1172
121 1935
122 485
122 1200
123 109
123 429
123 449
123 1929
124 254
124 315
124 387
124 858
124 1106
124 1415
125 164
125 344
125 391
125 516
125 753
125 910
125 1440
126 399
126 1632
127 488
127 658
127 742
127 958
127 1109
127 1469
128 46
128 217
128 532
128 573
128 773
128 1615
129 636
129 1435
129 1843
130 435
130 565
130 1712
130 1785
131 849
131 955
132 346
132 1002
133 448
133 901
134 1242
134 1402
135 855
135 1150
135 1474
135 1962
136 507
136 512
136 1676
137 828
137 976
137 1498
137 1751
137 1969
138 1335
139 641
139 788
140 869
140 903
140 908
140 1308
140 1507
140 1618
141 219
141 1695
142 530
142 1594
143 189
143 364
143 417
144 548
144 1152
144 1203
144 1206
144 1663
145 445
145 573
145 774
145 827
145 839
145 1509
146 468
146 1816
146 1911
147 995
147 1260
147 1711
148 459
148 857
148 1390
149 804
149 1365
150 156
150 158
150 630
150 659
150 1423
150 1486
151 142
151 277
151 385
151 493
151 505
151 506
151 901
151 1596
151 1778
151 1906
153 291
153 1929
153 1976
154 160
154 892
155 154
155 616
155 1168
155 1649
156 186
156 403
156 666
156 1129
156 1636
157 257
157 501
157 636
157 850
158 875
158 1592
159 462
159 768
159 1238
159 1963
160 168
160 567
160 1500
161 70
161 567
161 624
161 1396
161 1518
161 1697
162 310
162 452
162 1413
162 1820
162 1912
163 657
164 200
164 446
164 735
164 1661
165 888
165 978
165 1345
165 1609
165 1730
166 873
166 1306
166 1901
167 1179
167 1450
167 1489
168 258
168 359
168 1247
168 1425
168 1442
168 1577
168 1812
168 1997
169 98
169 1457
169 1818
169 1828
170 149
171 688
171 1926
172 529
172 546
172 716
172 1350
173 290
173 488
173 541
174 419
174 467
174 504
174 1558
175 138
175 788
176 504
176 771
176 1411
176 1741
177 455
177 485
177 1545
177 1848
178 537
178 846
178 1388
178 1520
178 1701
179 641
179 1021
179 1218
179 1399
179 1436
180 249
180 1452
180 1674
181 183
181 501
181 538
181 585
181 1076
181 1335
181 1719
181 1788
181 1974
181 2000
182 400
182 821
182 1007
182 1405
182 1430
182 1451
182 1517
182 1783
183 1171
183 1322
183 1874
184 63
184 461
184 924
184 950
185 251
185 740
185 1580
185 1896
186 290
186 396
186 457
186 518
186 659
186 1393
186 1671
187 708
187 796
187 1987
188 1548
188 1831
189 143
189 339
189 990
189 1011
189 1459
190 527
191 161
191 305
191 555
191 721
192 511
192 1040
192 1161
193 817
193 1124
193 1289
193 1552
194 897
194 1297
194 1633
194 1700
194 1787
195 34
195 643
195 885
195 1991
196 554
196 596
197 345
197 854
197 1196
197 1887
198 458
198 1126
198 1474
198 1497
199 692
199 736
199 808
199 1033
199 1652
199 1660
200 850
201 113
201 193
201 613
201 745
201 1192
201 1668
202 891
202 1516
203 275
203 606
203 1431
203 1709
203 1967
204 157
204 1443
204 1729
205 32
205 1475
205 1689
205 1690
206 341
206 422
206 578
206 583
206 697
206 1203
206 1833
207 1136
207 1656
207 1751
208 79
208 256
209 29
209 674
209 1373
210 961
210 1765
211 27
211 1294
212 533
212 588
212 1045
212 1420
213 90
213 276
213 1092
214 760
214 1012
214 1860
215 31
215 795
215 1329
215 1341
216 564
217 61
217 128
217 532
217 573
217 776
217 1147
217 1691
217 1767
218 4
218 36
218 1834
219 644
219 1014
219 1376
219 1637
220 411
220 742
220 1321
220 1755
221 334
221 1044
221 1066
222 76
222 353
222 1053
222 1432
222 1457
222 1614
222 1694
223 481
223 1156
223 1360
224 1372
224 1377
224 1541
225 1556
225 1738
225 1792
225 1802
226 339
226 504
226 830
227 1399
227 1577
227 1684
227 1750
227 1999
228 421
228 440
228 594
228 1454
228 1695
228 1779
229 7
229 712
229 1038
229 1046
229 1535
229 1702
230 352
231 624
231 1112
231 1226
231 1290
231 1598
231 1786
232 307
232 747
232 1107
232 1919
233 485
233 599
233 1559
234 115
234 242
234 1075
234 1904
235 68
235 354
235 702
235 986
235 1121
235 1569
235 1575
236 64
236 185
236 277
236 696
236 1493
237 210
237 307
237 545
237 788
237 1270
237 1681
238 942
238 984
238 998
239 187
239 373
239 551
239 804
239 1659
239 1879
240 1369
241 284
242 645
242 1385
242 1730
243 1019
243 1056
243 1133
243 1719
244 330
244 404
244 674
245 494
245 1365
246 205
246 1421
246 1670
246 1743
247 33
247 770
247 994
247 1866
248 143
248 820
248 1762
249 296
249 996
250 636
250 1277
251 670
251 1117
251 1173
251 1505
251 1612
251 1807
252 71
252 584
252 976
252 1823
254 622
255 55
255 78
255 232
255 592
255 672
255 679
255 747
255 1395
255 1698
256 667
257 400
257 1150
257 1431
258 856
258 1305
258 1717
259 549
259 715
259 760
259 850
259 1037
259 1068
259 1747
260 1212
260 1320
260 1355
261 421
262 586
262 1027
262 1667
262 1780
262 1801
263 898
263 935
263 1009
263 1725
264 391
265 483
265 1071
266 700
267 283
267 1336
268 727
268 1107
268 1351
268 1631
268 1741
269 443
269 718
269 1742
270 63
270 916
270 1043
271 65
271 187
271 208
271 1740
271 1880
271 1985
272 1811
273 585
273 670
273 1204
274 212
274 1082
275 404
275 698
275 1350
276 58
276 107
276 714
276 722
277 493
277 737
277 1636
277 1653
277 1714
278 16
278 445
278 934
279 362
279 762
279 1988
280 759
280 1744
281 195
281 754
281 1844
282 356
282 575
282 979
283 382
283 1083
283 1645
283 1779
284 10
284 241
284 337
284 949
284 1256
285 169
285 357
285 468
285 977
285 1725
286 176
286 482
286 1630
286 1659
286 1823
287 80
287 1303
287 1801
287 1902
288 342
288 592
288 677
288 1509
288 1726
288 1841
289 92
290 934
290 1106
290 1731
290 1962
291 13
291 1489
292 277
292 737
292 813
292 900
292 1168
293 543
293 714
293 943
293 1228
293 1454
293 1661
293 1865
294 1054
294 1424
294 1560
294 1834
295 302
295 950
296 623
296 1096
296 1942
297 662
297 730
297 1179
298 495
298 1143
299 140
299 692
299 1378
300 1015
300 1313
300 1763
300 1947
300 1973
301 510
301 1110
301 1722
301 1894
302 1788
303 12
303 1633
304 160
304 1209
304 1413
304 1919
305 104
305 553
305 757
306 602
306 1051
306 1423
306 1547
307 232
307 1702
308 182
308 554
308 883
308 1076
309 285
309 767
309 1322
310 276
310 791
310 980
310 1036
310 1158
310 1442
310 1613
310 1786
311 462
311 1703
312 375
312 1110
312 1681
313 190
313 1652
314 467
315 593
315 709
316 304
316 341
316 804
316 1278
317 192
317 478
317 1033
317 1533
318 378
318 641
318 670
318 1032
318 1858
319 126
319 673
319 749
319 1039
319 1355
319 1478
319 1784
320 579
320 904
320 1877
321 492
321 857
322 53
322 1662
323 234
323 1326
323 1364
324 1213
324 1536
324 1903
325 1750
326 209
326 537
327 264
327 405
328 65
328 142
328 371
328 477
328 790
328 969
328 1103
328 1439
329 307
329 912
329 1619
329 1967
330 383
330 693
330 1639
330 1708
330 1937
331 484
331 698
331 1073
331 1219
332 1504
333 336
333 1992
334 1275
334 1566
334 1730
335 682
335 1128
336 298
336 366
336 1738
337 979
339 98
339 695
339 1566
339 1761
340 61
340 237
340 1453
341 323
341 571
341 989
342 206
342 747
342 829
342 1464
343 571
343 1400
343 1907
344 841
344 862
344 1425
344 1859
344 1917
345 538
345 1995
346 413
346 1057
346 1806
346 1846
347 589
347 1628
347 1707
348 44
348 800
349 2
349 371
349 631
349 1801
349 1944
350 71
350 192
350 321
350 1239
350 1536
351 787
351 1571
351 1625
351 1984
352 1466
353 452
353 974
353 1643
353 1882
354 385
354 689
354 1999
355 882
355 1554
355 1987
356 282
356 391
356 522
356 575
357 325
357 1682
357 1770
358 301
358 1996
359 1082
359 1261
359 1567
360 517
360 925
360 1103
360 1252
360 1576
360 1876
360 1950
361 605
361 766
361 1250
361 1615
362 59
362 264
362 1073
362 1080
363 555
363 606
363 751
363 807
363 1989
364 471
364 1092
364 1303
365 216
365 1676
366 480
366 1736
367 179
367 223
367 437
367 1021
368 1046
368 1589
368 1698
369 789
369 820
369 1220
369 1224
369 1322
369 1611
370 1111
370 1120
370 1610
370 1883
371 328
371 349
371 775
371 1680
372 351
372 562
372 1398
373 240
373 617
373 1586
374 552
374 1188
374 1492
375 279
375 577
375 882
375 964
375 1140
376 234
376 527
376 767
376 792
376 1378
377 166
377 1225
377 1861
378 1713
378 1777
379 21
379 1358
379 1361
379 1424
379 1728
380 402
380 1450
380 1767
381 37
381 220
381 321
381 405
381 1177
382 283
382 399
382 1330
382 1645
382 1676
382 1779
382 1940
383 361
383 741
383 1771
384 1116
384 1373
384 1617
385 1178
385 1556
385 1596
386 140
386 685
386 1381
386 1898
387 20
387 148
387 1486
387 1766
388 395
388 433
388 871
388 1685
389 126
389 250
389 428
389 1194
389 1301
389 1417
390 719
390 998
391 125
391 264
391 276
391 436
391 1300
391 1353
391 1440
391 1894
392 878
393 729
393 1437
393 1838
394 140
394 191
394 350
395 286
395 417
395 806
395 836
395 1264
395 1565
395 1687
396 755
396 939
396 1516
397 1316
397 1523
397 1997
398 241
398 785
398 1532
399 674
399 1212
399 1243
399 1831
399 1999
400 675
400 974
400 1496
400 1648
400 1886
401 731
401 947
401 986
401 1900
402 697
402 969
402 1271
402 1548
403 716
403 1092
403 1746
403 1815
404 149
404 213
404 442
404 1302
405 619
405 1068
405 1765
406 217
406 374
406 420
406 635
406 1465
407 39
407 525
407 590
407 1035
407 1082
407 1287
408 571
408 1668
409 84
409 758
409 1065
409 1140
409 1351
409 1737
410 247
410 524
410 1172
410 1264
410 1673
410 1775
410 1799
411 220
411 342
411 516
411 1442
412 601
412 1372
413 297
413 1889
413 1957
414 106
414 1035
414 1533
414 1845
415 165
415 280
415 281
415 385
415 624
415 1237
416 250
416 813
416 880
416 1015
416 1657
416 1925
417 156
417 566
418 380
419 1814
420 1490
420 1739
421 738
421 1525
422 1603
422 1640
423 103
423 1067
423 1077
423 1503
424 1503
425 448
425 1006
425 1228
425 1718
425 1761
426 286
426 1665
427 343
427 352
427 692
427 723
427 1976
428 840
428 1218
428 1241
428 1741
429 123
429 1366
430 762
430 1441
430 1485
430 1576
430 1880
431 139
431 1034
431 1507
431 1800
432 670
432 852
432 1708
433 1801
434 388
434 473
434 1092
434 1707
434 1918
435 133
435 175
435 524
435 1509
436 149
436 316
436 391
436 1805
437 656
437 788
437 1257
438 302
438 667
438 798
438 1140
438 1717
439 18
439 383
439 612
439 741
439 1124
439 1125
439 1292
439 1467
440 124
440 299
440 782
440 1678
440 1736
440 1790
441 56
441 132
441 289
441 1861
442 147
442 1101
442 1155
442 1550
442 1720
442 1733
443 584
443 1025
443 1256
443 1445
444 692
444 723
444 964
444 1245
444 1624
445 27
445 541
445 562
446 482
446 1225
447 1839
448 413
448 618
448 1510
449 338
449 744
449 1492
450 109
450 899
450 1399
450 1948
451 183
451 548
451 1069
451 1151
451 1471
452 80
452 232
452 274
453 980
454 282
454 600
454 1118
454 1431
455 161
455 691
455 1082
455 1274
455 1280
455 1414
455 1500
455 1782
456 1599
456 1975
457 1339
458 52
458 198
458 398
458 669
458 1126
458 1355
458 1451
458 1474
459 48
459 112
459 825
459 1007
459 1877
460 574
460 636
460 1253
461 350
461 1522
462 786
462 997
463 288
463 507
463 682
463 806
463 1597
463 1802
463 1863
464 1452
464 1653
465 607
465 745
465 1965
466 61
466 93
466 227
466 378
466 1292
466 1540
466 1577
466 1689
466 1949
467 392
467 534
467 730
468 146
468 285
468 1038
468 1756
468 1779
469 510
469 924
469 1408
470 228
470 822
471 802
471 1075
471 1747
472 1927
473 126
473 1251
473 1367
473 1889
474 566
474 607
474 1663
474 1896
474 1900
475 749
475 1393
475 1728
475 1789
476 31
476 215
476 287
476 547
476 804
476 1580
476 1672
477 261
477 347
477 1190
478 756
478 1797
478 1912
479 807
480 150
480 549
480 796
480 1849
480 1993
481 80
481 687
481 1558
482 286
482 387
482 1219
482 1449
483 170
483 284
483 1635
484 9
484 30
484 33
484 1293
484 1338
485 177
485 609
485 1133
485 1339
485 1749
485 1782
486 323
486 461
486 1562
487 1881
488 66
488 127
488 173
488 461
488 541
488 658
488 1022
489 1373
490 153
490 182
490 548
490 825
491 8
491 90
491 368
491 552
492 246
492 1140
492 1415
492 1486
493 60
493 151
493 380
493 505
493 1294
493 1792
494 216
494 447
494 869
495 840
495 1453
495 1579
496 1088
496 1446
496 1537
496 1619
496 1621
497 300
497 626
497 1015
497 1087
497 1476
497 1716
498 101
498 912
498 1562
499 138
499 657
499 685
499 1796
500 1261
501 1491
501 1974
502 114
502 195
502 374
502 1846
503 1227
503 1884
504 557
504 1248
504 1721
505 512
505 725
505 1461
505 1723
506 151
506 368
506 400
506 605
506 1673
506 1822
506 1847
507 40
507 185
507 447
507 463
507 1752
507 1863
508 1030
508 1822
508 1977
509 1702
510 1163
510 1259
511 864
511 1318
512 573
512 617
512 1066
512 1116
512 1173
513 921
514 179
514 1128
514 1613
514 1729
515 23
515 252
515 868
516 1192
516 1506
517 1199
517 1360
517 1374
517 1920
518 188
518 269
518 457
518 1048
518 1358
518 1539
518 1755
519 1329
519 1425
519 1444
519 1540
519 1732
520 764
520 1135
520 1412
520 1446
521 156
521 283
521 1855
522 303
522 814
523 1284
523 1303
524 608
524 682
524 1915
525 152
525 263
525 894
525 946
525 1061
525 1571
525 1648
526 351
527 498
527 1039
528 119
528 1365
528 1527
528 1800
528 1801
528 1867
529 522
529 744
529 1370
529 1419
530 142
530 259
530 352
530 1226
530 1458
531 462
531 1070
531 1089
532 68
532 128
532 409
532 1128
532 1913
533 212
533 665
533 780
533 937
533 1365
533 1475
533 1617
533 1825
534 621
534 1566
534 1837
535 120
535 375
535 1408
535 1912
536 42
536 444
536 837
536 935
536 1365
537 178
537 969
537 1674
538 73
538 321
538 1005
538 1127
539 1200
539 1744
539 1902
540 222
540 309
540 1657
541 35
541 44
541 127
541 173
541 268
541 290
541 488
541 734
541 986
541 1839
541 1937
542 1192
543 272
543 1241
543 1766
544 906
545 433
545 1150
545 1912
546 1130
547 5
547 31
547 197
547 215
547 476
547 1031
547 1273
547 1766
548 713
548 1080
549 41
549 976
549 988
549 1145
549 1217
549 1283
549 1969
550 134
550 492
550 503
550 916
551 1074
551 1307
552 721
552 901
552 1585
553 699
553 1050
553 1260
553 1496
553 1650
553 1815
554 71
554 520
554 1240
555 28
555 170
555 273
555 886
555 1691
556 18
556 1437
556 1528
556 1868
557 158
557 196
557 665
557 893
557 1673
558 79
558 1359
559 67
559 312
559 341
559 772
559 1099
559 1783
559 1856
559 1942
560 1656
561 60
561 534
561 721
561 889
561 1259
561 1362
561 1883
562 622
562 647
562 953
562 1500
563 826
564 699
564 1833
565 130
565 386
565 814
565 1477
565 1511
566 1374
566 1397
566 1873
566 1918
567 59
567 161
568 1546
568 1881
569 409
569 431
569 736
569 1601
569 1637
570 674
570 985
570 1361
570 1789
570 1817
571 309
571 837
571 995
571 1700
571 1866
572 658
572 1531
573 95
573 132
573 1042
574 705
574 1197
574 1623
575 282
575 356
575 1029
575 1211
576 30
576 1275
576 1546
577 551
577 646
577 877
577 1249
578 977
578 1054
578 1340
578 1559
579 320
579 391
579 784
579 1102
579 1362
579 1504
580 335
580 1160
581 129
581 1441
582 321
582 1280
582 1846
583 394
583 964
583 1164
583 1755
584 258
584 443
584 812
584 1862
584 1871
585 814
585 875
586 262
586 1124
586 1464
586 1509
587 862
587 910
587 1636
587 1996
588 550
588 1669
588 1885
589 302
589 347
589 1422
589 1628
589 1883
590 431
590 613
590 959
590 1113
591 327
591 1342
591 1613
591 1903
592 229
592 384
592 887
592 1024
592 1031
592 1462
592 1868
593 1417
593 1615
593 1918
594 228
594 298
594 1397
594 1806
595 39
595 631
595 1438
595 1501
595 1808
595 1846
596 256
596 317
596 1087
596 1200
596 1760
597 1092
597 1305
597 1474
598 1020
598 1162
599 796
599 1063
599 1810
600 108
600 178
600 456
601 249
601 621
601 843
602 1589
603 1990
604 509
604 1332
605 451
605 671
605 728
605 1007
605 1072
605 1797
606 20
606 750
606 1774
607 291
607 332
607 334
607 417
608 1113
609 96
609 632
609 1024
609 1550
610 144
610 1427
610 1438
611 338
611 1409
612 205
612 439
612 666
612 741
612 990
612 1166
612 1795
612 1881
612 1973
613 830
613 931
613 934
613 1711
614 481
614 737
614 956
614 1582
615 993
615 1356
615 1774
616 88
616 230
616 627
616 1928
617 20
617 512
617 1422
618 122
618 380
618 1159
619 487
619 1144
619 1307
619 1968
620 637
620 1687
621 139
621 829
621 1240
622 562
622 1239
623 5
623 54
623 261
623 1414
624 106
624 168
624 588
624 1415
625 190
626 916
626 1045
626 1199
626 1288
626 1862
627 5
627 26
627 76
627 94
628 68
628 398
628 580
629 312
629 552
629 1504
630 204
630 854
630 915
630 1023
630 1309
630 1539
631 248
631 1458
631 1536
632 938
632 1388
633 448
633 1553
633 1671
633 1785
633 1985
634 911
634 1450
634 1621
634 1704
635 78
635 406
635 902
636 250
636 1187
636 1462
636 1643
637 584
637 728
637 791
637 1967
638 123
639 611
639 802
639 1028
639 1120
639 1488
639 1509
639 1850
640 985
640 1484
641 103
641 448
641 1382
641 1768
642 624
643 65
643 195
643 558
643 1166
644 32
644 453
644 628
644 1050
644 1233
645 242
645 540
645 942
645 1180
645 1378
645 1385
646 60
646 403
646 581
648 509
648 1696
648 1728
649 1473
650 624
650 1161
650 1442
651 63
651 130
651 818
651 1331
651 1615
651 1862
652 1297
652 1529
652 1846
653 274
653 658
653 802
653 1421
653 1572
654 1430
654 1472
654 1741
654 1881
655 433
655 1948
656 437
656 492
656 1136
656 1181
656 1385
657 499
657 1796
658 127
658 488
658 595
658 1215
658 1976
659 32
659 162
660 43
660 1160
660 1178
660 1527
661 133
661 938
661 1792
662 265
662 297
662 655
662 1012
662 1372
662 1824
663 268
663 381
663 454
663 565
663 659
663 1727
663 1745
664 126
664 280
664 1103
664 1865
665 557
665 685
665 893
665 1285
666 113
666 248
666 504
666 652
667 345
667 1405
667 1414
668 851
668 1152
668 1557
668 1769
669 593
669 1064
669 1155
669 1344
669 1654
670 92
670 759
670 771
670 874
670 1896
671 1463
671 1797
672 867
672 1352
672 1481
672 1491
673 85
673 481
673 508
674 492
674 747
674 1195
674 1248
674 1850
674 1919
675 497
676 784
676 1390
676 1689
676 1931
677 244
677 264
677 1287
677 1509
678 837
678 1713
678 1961
679 305
679 818
679 890
679 1921
680 605
680 758
680 1108
680 1639
681 1089
681 1099
682 133
682 280
682 927
682 988
682 1757
683 496
683 1102
683 1144
683 1421
683 1816
683 1990
684 491
684 811
684 844
685 386
685 1328
685 1975
686 724
686 759
686 1391
687 8
687 695
687 1599
688 718
688 1552
689 262
690 114
690 1674
690 1964
691 1036
691 1080
691 1113
691 1165
691 1326
691 1327
691 1690
692 299
692 338
692 427
692 598
692 602
692 723
692 1308
693 86
693 954
693 1161
693 1214
693 1278
693 1369
693 1458
693 1855
694 643
694 1267
695 82
695 83
695 1368
696 1607
697 206
697 1631
697 1833
697 1843
697 1866
698 707
698 877
698 1398
698 1496
698 1788
699 553
699 1260
699 1433
700 386
700 916
700 1053
700 1488
701 714
701 1348
702 5
702 609
702 1562
702 1617
703 648
703 894
704 432
704 1452
705 367
705 796
705 1035
705 1534
705 1590
706 1099
706 1433
707 1548
707 1831
708 709
708 745
708 1634
709 165
709 1397
709 1633
709 1909
710 1419
710 1424
710 1553
711 376
711 880
711 1276
711 1700
712 229
712 1407
712 1890
713 579
713 712
714 276
714 483
714 701
715 73
715 77
715 153
716 14
716 1088
716 1581
717 913
717 1667
718 586
718 688
718 1077
718 1552
718 1872
719 514
719 1298
719 1440
719 1499
720 1282
720 1625
721 20
721 817
721 1805
722 55
722 174
722 276
722 477
722 865
722 1826
723 352
723 427
723 692
723 1457
723 1832
724 502
724 842
724 1152
724 1203
724 1413
725 25
725 83
725 96
725 777
725 1186
726 55
726 1252
726 1926
727 1058
727 1233
727 1246
727 1416
727 1649
728 285
728 699
728 704
728 882
728 1146
728 1972
729 198
729 393
729 735
729 876
729 1067
729 1506
730 35
730 90
730 113
730 1592
731 598
731 734
731 1113
731 1216
732 423
732 620
732 1483
732 1579
733 939
733 1445
733 1674
734 102
734 579
734 684
734 1536
734 1658
734 1686
735 1056
735 1323
736 580
736 1000
737 277
737 642
738 708
738 1165
738 1334
739 24
739 240
739 979
739 1486
739 1575
740 790
740 1943
741 180
741 439
741 612
741 614
741 1510
742 165
742 455
742 706
742 1539
742 1541
742 1609
742 1625
742 1791
743 1363
744 256
744 402
744 877
744 1150
744 1165
744 1237
744 1396
744 1708
745 1668
745 1758
745 1844
746 260
746 1596
746 1952
747 576
747 1014
747 1111
748 679
748 967
748 1038
749 475
749 1614
750 3
750 564
750 878
750 912
750 1199
750 1916
751 376
751 617
751 721
751 1047
751 1084
752 1046
752 1921
753 125
753 617
753 809
753 1481
753 1711
753 1861
754 281
754 522
754 1363
755 1140
756 1491
757 2
757 504
757 656
757 709
757 937
757 1607
757 1678
758 60
759 686
759 1056
759 1391
760 214
760 229
760 1860
761 1265
762 555
762 1336
762 1886
763 1250
764 67
764 959
765 63
765 305
765 1949
766 419
766 946
766 1973
767 1387
767 1525
768 597
768 729
768 1456
768 1685
769 697
769 1679
770 119
770 701
770 931
771 341
771 874
771 1433
771 1493
772 559
772 568
772 618
772 947
773 158
773 1538
774 703
774 796
775 668
775 1090
776 61
776 319
776 1083
776 1262
776 1486
776 1626
776 1732
777 146
777 442
777 540
777 603
778 696
778 1034
778 1107
779 10
779 1331
779 1436
780 1616
780 1653
780 1670
781 1414
781 1426
781 1783
782 129
782 230
782 268
782 582
782 657
782 718
782 823
782 1100
782 1322
782 1875
783 130
783 1818
783 1903
784 287
784 423
784 1172
784 1338
784 1550
784 1729
785 419
785 1075
785 1436
786 280
786 542
786 717
787 143
787 238
787 774
787 965
788 417
788 929
788 1559
789 79
789 575
789 706
789 1433
790 50
790 393
790 396
790 1652
790 1711
791 679
791 1217
791 1514
791 1605
791 1738
792 498
792 698
792 923
792 1594
792 1619
792 1910
793 32
793 1269
793 1701
794 854
794 960
795 870
795 971
796 321
796 480
796 783
796 939
797 264
797 486
797 653
797 1122
798 438
798 1140
798 1492
799 438
799 1224
799 1349
799 1717
800 333
800 348
800 1292
801 1481
802 364
802 471
802 639
802 936
802 1554
802 1745
802 1763
802 1903
803 500
803 1134
803 1332
804 149
804 246
804 1406
805 129
805 236
805 839
805 951
805 1013
805 1414
806 132
807 138
807 375
807 479
807 1495
808 581
808 1667
809 15
809 1164
809 1708
810 707
810 709
810 782
810 867
810 1342
810 1516
811 610
811 800
811 1251
812 301
812 1251
813 804
813 1317
813 1582
813 1805
814 330
814 565
814 1205
815 241
815 1620
816 865
816 951
816 1122
816 1605
816 1648
816 1808
816 1960
817 412
817 762
817 1341
818 41
818 651
818 799
818 881
818 1170
818 1862
818 1952
819 144
819 513
819 1699
819 1701
820 800
820 1342
820 1611
821 180
821 587
821 589
821 1674
821 1776
821 1934
822 228
822 656
822 1307
823 318
823 1129
823 1184
823 1530
824 978
824 1343
825 120
825 584
825 867
825 1313
826 1724
826 1990
827 1223
827 1618
827 1826
828 1295
828 1529
828 1661
829 120
829 342
829 1115
829 1955
830 147
830 742
830 1260
830 1711
830 1791
830 1892
831 594
831 839
832 1884
833 442
833 1733
834 742
834 771
834 1568
834 1645
835 500
835 631
835 1963
836 165
836 925
836 1188
837 566
837 1299
837 1548
837 1937
838 381
838 624
838 940
838 1945
839 639
839 1186
839 1819
840 719
840 835
840 1180
840 1231
840 1249
841 292
842 175
842 326
842 724
842 1152
842 1897
843 62
843 123
843 730
843 858
843 1274
844 250
844 1529
845 1091
845 1195
845 1392
845 1553
845 1619
845 1749
846 190
846 1169
846 1420
846 1671
847 380
847 508
847 556
847 850
847 1563
848 44
848 775
848 927
848 1100
848 1677
848 1679
849 267
849 1153
849 1655
850 17
850 1203
850 1959
851 149
851 422
851 551
851 772
851 936
851 1411
851 1525
851 1999
852 1018
852 1229
852 1389
852 1572
852 1574
852 1773
853 1119
853 1193
854 45
854 184
854 211
854 515
854 881
854 1075
855 883
855 940
855 1074
855 1868
856 1065
856 1469
857 201
857 546
857 1154
857 1711
858 582
859 975
859 1115
859 1189
860 345
861 1225
861 1805
862 410
862 1744
863 1207
863 1995
864 111
864 638
865 438
865 472
865 634
865 855
866 178
866 293
866 1188
866 1846
866 1930
867 101
867 1004
867 1310
868 1540
868 1627
869 97
869 236
869 257
869 1289
869 1493
870 14
870 1051
870 1802
870 1872
871 28
871 388
871 549
871 1590
871 1685
872 843
872 1661
873 1910
873 1922
874 179
874 670
874 875
874 888
874 1149
875 596
875 684
875 1168
875 1638
875 1829
875 1854
876 315
876 386
877 1123
877 1317
877 1678
878 42
878 1947
879 644
879 1410
879 1699
880 707
880 739
880 1271
880 1810
880 1927
881 56
881 381
881 1254
881 1635
881 1693
882 461
882 1003
883 308
883 935
883 1139
883 1873
884 567
884 908
884 1249
884 1491
885 193
885 988
885 1262
885 1321
885 1490
886 228
886 723
886 1255
886 1645
887 1303
887 1617
887 1914
888 1238
888 1936
889 466
889 780
889 1209
889 1917
889 1973
890 495
890 717
891 425
891 760
891 1647
892 1025
893 34
893 639
893 665
893 685
893 800
893 961
893 1328
894 532
894 1591
894 1636
895 817
895 1200
895 1740
896 437
896 689
896 968
896 1044
897 103
897 472
897 1060
897 1938
898 594
898 1484
899 439
899 570
899 1502
899 1873
900 190
900 627
900 1333
900 1480
900 1483
901 552
901 850
901 1028
902 1157
902 1979
903 140
903 712
903 1045
904 1270
904 1766
905 291
905 847
905 999
905 1001
905 1323
906 535
906 884
906 1119
907 600
907 1098
908 431
908 725
908 1469
909 1169
909 1708
909 1906
910 308
910 387
910 1647
910 1761
911 1322
911 1361
911 1692
911 1819
912 799
912 1011
912 1264
913 806
913 1595
914 91
914 533
914 859
914 1617
914 1857
914 1916
915 377
915 630
915 1976
916 270
916 331
916 689
916 1121
916 1248
917 731
917 1352
917 1974
918 30
918 213
918 1493
919 320
919 1975
920 1487
921 143
921 1052
921 1357
921 1606
922 615
922 1283
922 1302
922 1979
922 1994
923 396
923 485
923 790
923 807
923 958
923 1070
924 309
925 67
925 1646
926 426
926 1735
926 1890
927 563
927 584
927 848
927 1054
927 1941
928 798
928 1147
928 1176
928 1570
929 282
929 818
929 890
930 689
931 453
931 1204
931 1932
932 37
932 489
932 1522
932 1632
933 245
933 287
933 303
933 566
933 1086
933 1330
934 261
934 1111
934 1237
934 1975
935 42
935 126
935 205
935 682
935 1730
936 406
936 418
936 445
936 1781
937 346
937 828
937 1846
937 1990
938 632
938 1478
938 1557
938 1757
938 1776
940 855
940 1074
941 351
941 1033
941 1124
941 1627
941 1934
941 1956
942 238
942 508
942 509
942 1387
942 1511
943 7
943 260
943 293
943 1001
943 1148
943 1285
944 264
944 418
944 511
944 642
944 693
944 1207
944 1436
945 13
945 1942
946 383
946 893
946 985
946 1037
946 1784
947 307
947 772
947 1749
948 793
948 1601
949 322
949 969
949 1635
950 1104
950 1301
950 1545
951 477
951 791
951 981
951 1194
951 1275
952 321
952 324
952 1449
953 144
953 1724
954 698
954 1843
954 1940
955 362
955 1220
955 1294
955 1331
956 8
956 93
956 545
956 983
957 1079
957 1725
958 297
958 464
958 1469
958 1571
959 151
959 937
959 974
959 1556
960 568
960 940
960 1131
961 413
962 1513
962 1839
963 689
963 813
964 1227
964 1256
964 1283
965 1204
965 1598
965 1943
966 1534
966 1769
967 92
967 665
967 670
967 1787
968 91
968 967
968 1409
968 1593
968 1747
968 1799
968 1915
969 306
969 486
969 537
969 575
969 949
970 546
971 24
971 1279
971 1688
971 1949
972 98
972 660
972 1081
972 1370
972 1663
972 1771
972 1831
972 1935
973 232
973 1830
974 959
974 964
975 503
975 935
975 1835
976 137
976 1969
977 120
977 508
977 924
977 947
977 1798
978 56
978 152
978 248
978 848
979 764
980 310
980 881
980 992
980 1754
980 1776
981 629
982 1429
982 1962
983 219
983 868
983 956
983 1962
984 1274
984 1561
985 681
985 1084
985 1384
985 1508
985 1942
986 541
986 998
986 1437
987 73
987 77
988 1390
989 163
989 286
989 920
989 1105
989 1805
989 1962
990 587
990 1255
990 1662
991 1459
991 1639
991 1833
992 207
992 919
992 980
992 1967
993 513
993 522
993 897
993 1029
993 1309
994 247
994 887
994 1131
994 1198
994 1210
994 1954
995 614
995 650
995 940
996 117
996 281
996 633
996 1222
996 1532
996 1785
997 462
997 1112
997 1858
998 1402
999 1684
1000 43
1000 795
1000 859
1000 1743
1001 732
1001 750
1001 1536
1001 1872
1002 521
1002 892
1002 1085
1002 1512
1003 316
1003 1848
1004 744
1004 783
1005 61
1005 108
1005 489
1005 1593
1005 1940
1006 789
1006 1346
1006 1404
1006 1972
1007 42
1007 172
1007 237
1008 443
1008 588
1008 589
1008 1440
1008 1586
1008 1629
1009 1212
1009 1751
1009 1882
1010 73
1010 1033
1010 1106
1010 1182
1010 1602
1010 1934
1011 20
1011 1079
1012 102
1012 205
1012 214
1012 705
1012 819
1012 1219
1012 1666
1013 1267
1013 1932
1014 576
1014 747
1014 818
1014 1320
1014 1469
1014 1606
1014 1728
1014 1736
1015 253
1015 497
1015 976
1015 1657
1015 1703
1015 1886
1016 306
1016 958
1016 1590
1016 1773
1016 1780
1017 370
1017 832
1017 1151
1017 1198
1017 1527
1018 494
1018 926
1018 1360
1018 1462
1018 1739
1019 207
1019 534
1019 1946
1020 78
1020 1378
1020 1435
1021 15
1021 447
1021 464
1021 486
1021 987
1022 86
1022 987
1022 1266
1023 309
1023 348
1023 620
1023 1643
1024 50
1024 155
1024 531
1024 592
1024 735
1024 833
1024 1598
1024 1940
1025 570
1025 1609
1025 1764
1026 397
1027 162
1027 725
1027 1258
1028 105
1028 824
1028 1137
1028 1216
1028 1847
1029 51
1029 175
1029 512
1030 172
1030 1160
1030 1434
1031 215
1031 357
1031 769
1031 859
1031 1583
1031 1878
1032 6
1032 22
1032 980
1032 1112
1032 1224
1032 1482
1032 1715
1033 291
1033 941
1033 1226
1033 1571
1033 1934
1034 388
1034 778
1034 1339
1034 1371
1035 39
1035 414
1036 167
1036 807
1036 1165
1036 1274
1036 1872
1037 354
1037 758
1037 1151
1037 1247
1037 1806
1038 567
1038 661
1038 702
1038 738
1038 1052
1038 1094
1038 1878
1039 110
1039 226
1039 1087
1039 1679
1040 550
1040 840
1040 1208
1040 1967
1041 1142
1042 295
1042 383
1042 869
1043 704
1043 1768
1044 921
1044 1999
1045 267
1045 626
1045 734
1045 1768
1046 752
1046 925
1046 1069
1046 1260
1046 1578
1048 17
1048 114
1048 163
1048 433
1048 518
1048 957
1048 1651
1048 1755
1049 43
1049 239
1049 1659
1049 1804
1050 7
1050 1582
1050 1731
1051 1228
1051 1304
1051 1615
1052 581
1052 1105
1052 1529
1053 725
1053 1353
1053 1849
1054 256
1054 1028
1054 1425
1055 151
1055 465
1055 901
1056 253
1056 826
1056 1290
1057 346
1057 1407
1057 1846
1058 1076
1059 375
1059 1091
1059 1976
1060 76
1060 652
1060 1121
1060 1313
1060 1652
1060 1726
1060 1820
1061 68
1061 446
1061 1362
1061 1975
1061 1994
1062 1192
1062 1348
1062 1824
1063 580
1063 1481
1064 1508
1064 1735
1064 1952
1065 1266
1066 1034
1066 1045
1066 1169
1066 1560
1066 1998
1067 872
1067 1171
1067 1952
1068 1363
1069 361
1069 490
1069 587
1069 841
1069 1214
1070 923
1070 1202
1071 51
1071 154
1071 723
1071 1499
1072 201
1072 941
1072 1899
1073 711
1073 1544
1074 578
1075 95
1075 854
1075 965
1075 1436
1076 1057
1076 1206
1076 1398
1076 1723
1076 1956
1077 1112
1078 82
1078 356
1078 539
1078 575
1079 402
1079 1001
1079 1153
1080 71
1080 487
1080 691
1080 1036
1080 1690
1080 1758
1080 1759
1081 757
1081 972
1081 1284
1081 1596
1081 1663
1081 1771
1082 156
1083 28
1083 67
1083 223
1083 764
1083 1244
1084 157
1084 494
1084 1947
1085 40
1085 296
1085 630
1085 892
1085 1306
1085 1427
1085 1673
1086 331
1086 735
1086 1310
1086 1430
1087 233
1087 556
1087 716
1087 1101
1087 1119
1087 1231
1087 1321
1088 496
1088 1619
1089 8
1089 1141
1089 1518
1089 1563
1090 768
1090 1619
1091 30
1091 620
1091 1411
1091 1905
1092 597
1092 975
1092 1382
1092 1841
1092 1909
1092 1981
1093 61
1093 581
1093 1873
1093 1949
1094 1038
1095 413
1095 562
1096 938
1096 1200
1096 1362
1096 1731
1096 1870
1097 762
1097 812
1097 860
1097 1343
1097 1477
1097 1774
1097 1801
1098 16
1098 102
1098 202
1098 366
1098 1309
1099 565
1099 722
1099 814
1099 955
1099 1601
1100 203
1100 257
1100 428
1100 450
1100 694
1100 1418
1101 233
1101 845
1101 1087
1101 1119
1101 1983
1102 480
1102 1269
1102 1413
1102 1489
1102 1501
1103 65
1103 328
1103 362
1103 713
1104 185
1104 896
1105 1499
1105 1644
1105 1889
1106 627
1106 973
1106 1032
1106 1105
1106 1667
1107 727
1108 1008
1108 1431
1109 314
1109 484
1109 1549
1109 1636
1110 162
1110 697
1110 1492
1111 131
1111 391
1111 1727
1112 196
1112 322
1112 863
1112 1092
1112 1344
1113 354
1113 593
1113 608
1113 669
1113 1886
1114 361
1114 389
1114 457
1114 928
1114 1045
1114 1049
1114 1314
1115 344
1115 401
1115 1253
1115 1805
1116 15
1116 1113
1116 1526
1116 1530
1117 437
1117 672
1117 1169
1117 1689
1118 417
1118 644
1118 649
1118 1254
1118 1794
1119 237
1119 1087
1119 1101
1119 1362
1120 363
1120 370
1120 639
1120 1610
1121 235
1121 1213
1121 1575
1121 1599
1122 390
1123 478
1123 629
1123 961
1123 994
1123 1548
1123 1835
1123 1845
1124 58
1124 1207
1124 1503
1124 1509
1124 1521
1125 1685
1125 1910
1125 1947
1126 198
1126 458
1126 627
1126 1474
1127 933
1127 957
1127 1005
1127 1522
1127 1580
1128 514
1128 1913
1129 294
1129 835
1129 1116
1130 1486
1130 1860
1131 280
1131 469
1131 542
1131 955
1132 1345
1133 348
1133 485
1133 1157
1133 1749
1134 398
1134 401
1135 680
1135 779
1135 924
1135 1973
1136 260
1136 417
1136 856
1137 1585
1137 1806
1138 423
1139 670
1139 908
1139 1185
1140 1232
1141 173
1141 426
1141 1089
1141 1990
1142 227
1142 459
1142 870
1142 1041
1142 1068
1142 1684
1143 145
1143 691
1144 454
1144 952
1144 1167
1144 1821
1145 114
1145 181
1145 397
1145 607
1145 1869
1146 376
1146 726
1146 728
1147 1258
1147 1377
1147 1655
1148 8
1148 1473
1149 195
1149 367
1149 1502
1149 1514
1150 744
1150 801
1150 1117
1150 1498
1151 1037
1151 1171
1151 1400
1151 1883
1152 464
1152 724
1152 842
1152 1203
1152 1298
1152 1698
1152 1797
1153 170
1153 1373
1153 1929
1154 754
1154 821
1154 840
1155 127
1155 442
1155 938
1155 1198
1155 1221
1155 1261
1155 1383
1155 1515
1155 1860
1156 521
1156 912
1157 848
1157 893
1157 1177
1157 1493
1158 1252
1158 1302
1158 1851
1159 1098
1159 1278
1159 1859
1159 1901
1160 410
1160 738
1160 826
1160 1262
1161 693
1161 1541
1162 598
1162 1028
1162 1216
1162 1466
1162 1804
1163 46
1163 1047
1163 1909
1164 15
1164 929
1164 1442
1165 740
1165 1036
1165 1060
1165 1440
1166 643
1167 201
1167 988
1167 1144
1167 1979
1168 16
1168 1525
1168 1556
1169 400
1169 909
1169 1266
1169 1863
1169 1973
1170 90
1170 123
1170 545
1170 1657
1170 1886
1171 115
1171 169
1171 296
1171 1249
1171 1448
1172 12
1172 178
1172 784
1172 907
1172 1618
1172 1869
1173 71
1173 791
1173 1468
1173 1533
1173 1854
1174 287
1174 888
1174 903
1174 1481
1174 1512
1174 1745
1175 673
1175 942
1175 1785
1176 1713
1177 63
1177 184
1177 1179
1177 1373
1177 1648
1177 1709
1178 53
1178 1420
1178 1583
1178 1828
1178 1924
1179 615
1179 1118
1179 1549
1179 1889
1179 1922
1180 89
1180 645
1180 1243
1180 1378
1180 1547
1181 185
1181 656
1181 1814
1182 1678
1183 487
1183 673
1183 1130
1184 226
1185 339
1186 340
1186 918
1186 1079
1186 1108
1186 1222
1186 1302
1187 414
1187 904
1188 866
1188 1308
1188 1403
1188 1622
1189 859
1190 382
1190 1457
1191 356
1191 1212
1191 1898
1191 1932
1192 188
1192 470
1192 1062
1192 1852
1193 186
1193 226
1193 669
1193 702
1193 1709
1194 82
1194 752
1196 1680
1196 1989
1197 825
1197 1696
1198 138
1198 221
1198 1830
1199 1179
1199 1251
1200 130
1200 662
1200 1163
1200 1759
1201 10
1201 89
1201 366
1201 1894
1202 660
1202 811
1202 1821
1202 1837
1203 144
1203 206
1203 1152
1203 1288
1203 1907
1204 663
1204 740
1204 1197
1204 1220
1204 1697
1204 1888
1205 150
1205 1147
1205 1799
1206 144
1206 258
1206 433
1206 873
1206 1048
1206 1384
1207 1640
1208 77
1208 1422
1208 1897
1209 308
1209 658
1209 1917
1210 93
1210 656
1210 1284
1211 5
1211 19
1211 808
1211 1736
1212 260
1212 713
1212 1121
1212 1236
1212 1351
1213 398
1213 775
1213 1027
1213 1065
1214 467
1214 1583
1214 1677
1215 113
1215 591
1215 903
1215 1379
1216 2
1216 325
1216 1028
1216 1308
1216 1322
1216 1342
1217 611
1217 768
1217 1510
1218 179
1218 670
1218 1322
1219 1078
1220 955
1220 1456
1220 1811
1221 270
1221 641
1221 721
1221 946
1221 1155
1221 1452
1221 1465
1221 1515
1221 1860
1221 1936
1222 201
1223 519
1223 1108
1224 857
1224 1062
1224 1903
1225 1035
1225 1159
1225 1597
1226 231
1226 352
1226 941
1226 1290
1226 1694
1226 1786
1226 1880
1226 1948
1227 67
1227 611
1227 664
1227 1186
1227 1533
1227 1748
1228 72
1228 279
1228 658
1228 708
1228 1093
1228 1577
1228 1722
1228 1726
1229 41
1229 454
1229 837
1229 1983
1230 513
1230 1614
1230 1674
1231 840
1231 1509
1232 320
1232 1512
1232 1958
1233 617
1233 730
1233 751
1233 1299
1233 1500
1233 1991
1234 1015
1234 1016
1234 1569
1234 1838
1235 20
1235 94
1236 260
1236 1078
1236 1753
1237 737
1237 1114
1237 1687
1237 1920
1238 432
1238 939
1238 1811
1239 415
1239 794
1239 1193
1239 1248
1240 6
1240 347
1241 149
1241 404
1241 1125
1241 1236
1241 1302
1242 200
1242 905
1242 1598
1243 600
1243 627
1243 1223
1243 1643
1243 1749
1244 690
1244 1760
1244 1799
1244 1974
1245 260
1245 357
1245 764
1245 1628
1245 1902
1245 1928
1246 498
1246 727
1246 1550
1246 1686
1246 1731
1247 168
1247 495
1247 973
1247 1303
1247 1535
1247 1849
1248 415
1248 674
1248 1239
1248 1322
1248 1919
1249 21
1249 75
1249 577
1250 343
1250 1177
1250 1697
1251 169
1251 1379
1251 1406
1251 1632
1251 1688
1252 304
1252 360
1252 420
1252 1845
1253 460
1253 1461
1254 358
1254 643
1254 1600
1254 1807
1255 104
1255 1568
1255 1980
1256 331
1256 696
1256 1675
1257 68
1257 477
1257 999
1257 1251
1257 1495
1258 1147
1258 1339
1258 1655
1258 1737
1259 121
1259 239
1259 244
1259 561
1259 1326
1260 147
1260 553
1260 699
1260 830
1260 893
1260 1711
1260 1815
1261 8
1261 1743
1261 1882
1262 315
1262 764
1262 1118
1262 1653
1262 1766
1263 541
1263 601
1263 868
1263 986
1264 76
1264 265
1264 478
1264 952
1264 1389
1265 645
1265 761
1266 52
1266 54
1266 708
1266 1730
1267 1192
1267 1273
1268 1553
1269 221
1269 1183
1269 1194
1269 1243
1269 1255
1270 904
1270 1127
1270 1262
1270 1723
1271 155
1271 274
1271 1570
1271 1795
1272 205
1272 870
1273 61
1273 1432
1273 1545
1274 773
1274 1908
1275 13
1275 134
1275 577
1275 1157
1275 1163
1275 1176
1275 1390
1275 1731
1275 1909
1276 228
1276 421
1276 797
1276 917
1276 1525
1277 752
1278 355
1278 435
1278 1955
1278 1992
1279 204
1279 270
1279 1170
1279 1836
1280 447
1280 455
1280 582
1280 1242
1280 1393
1280 1993
1281 75
1281 431
1281 510
1281 1857
1282 90
1282 474
1282 908
1282 1400
1282 1606
1283 637
1283 1352
1283 1456
1283 1658
1284 12
1284 135
1284 757
1285 544
1285 1612
1286 623
1286 813
1286 1348
1286 1513
1287 255
1287 867
1288 161
1288 1562
1289 118
1289 569
1289 1640
1290 889
1290 1602
1290 1775
1291 267
1291 370
1292 35
1292 114
1292 138
1292 466
1292 1187
1292 1261
1293 30
1293 1258
1293 1841
1294 142
1294 266
1295 1434
1295 1510
1296 525
1296 567
1296 751
1296 1205
1296 1664
1296 1813
1297 566
1298 474
1298 719
1298 1248
1298 1326
1298 1879
1300 1097
1300 1274
1301 90
1301 1669
1301 1903
1302 726
1302 1094
1302 1186
1302 1189
1302 1241
1303 523
1303 896
1303 983
1303 1247
1304 678
1304 1051
1304 1153
1305 724
1305 1395
1306 714
1307 1142
1307 1554
1308 117
1308 140
1308 692
1308 948
1308 1416
1309 1338
1309 1389
1309 1565
1309 1579
1310 321
1310 1527
1310 1688
1311 1344
1311 1564
1311 1811
1312 944
1313 228
1313 1933
1314 587
1314 853
1314 957
1314 1933
1315 114
1315 835
1315 949
1315 1371
1315 1494
1315 1951
1316 1522
1316 1857
1317 592
1317 1086
1317 1403
1317 1567
1317 1876
1317 1975
1318 255
1318 340
1318 1186
1318 1679
1319 1165
1319 1751
1320 404
1320 935
1320 1085
1320 1404
1320 1588
1321 220
1321 885
1321 1490
1322 369
1322 1216
1322 1221
1322 1732
1325 216
1326 229
1326 1322
1327 368
1327 779
1328 706
1328 876
1329 519
1329 1444
1329 1540
1330 257
1330 276
1330 391
1330 1705
1331 518
1331 1684
1332 280
1332 603
1333 34
1333 1620
1334 5
1334 610
1334 1129
1334 1394
1334 1818
1334 1955
1335 761
1336 762
1336 786
1336 1255
1336 1742
1336 1862
1337 289
1337 329
1337 646
1337 1893
1337 1906
1338 1134
1338 1642
1338 1855
1338 1891
1339 457
1339 1006
1339 1921
1340 962
1341 656
1341 733
1341 966
1341 1059
1341 1627
1342 355
1342 684
1342 1344
1342 1715
1343 108
1343 1122
1343 1780
1344 669
1344 1618
1344 1842
1345 465
1345 668
1345 753
1346 190
1346 1016
1346 1651
1347 191
1347 676
1348 128
1348 532
1348 769
1348 1241
1348 1341
1349 340
1349 1295
1349 1905
1350 275
1350 292
1350 661
1350 930
1350 1327
1350 1573
1350 1954
1350 1962
1351 1081
1352 213
1352 672
1352 775
1352 1618
1353 44
1353 450
1353 1124
1353 1304
1354 506
1354 577
1355 1358
1355 1397
1355 1511
1356 615
1356 804
1356 1398
1356 1490
1357 1210
1359 45
1359 141
1359 252
1359 538
1359 860
1359 1028
1360 467
1361 832
1361 1877
1362 561
1363 23
1363 261
1363 1263
1364 499
1364 1179
1364 1723
1364 1796
1365 906
1365 973
1365 1083
1365 1897
1366 658
1366 924
1366 1072
1367 68
1367 1551
1368 170
1368 399
1368 1235
1368 1838
1369 240
1369 542
1369 615
1369 693
1369 1519
1370 1781
1371 411
1371 923
1371 1493
1372 536
1372 1029
1372 1196
1372 1652
1373 56
1373 1153
1373 1440
1374 166
1374 517
1374 566
1374 675
1374 1312
1374 1922
1374 1933
1376 89
1376 580
1376 600
1376 1710
1376 1714
1377 284
1377 589
1378 227
1378 239
1378 645
1378 842
1378 1191
1379 63
1379 237
1379 956
1380 160
1380 1132
1380 1718
1381 825
1381 1138
1381 1498
1381 1809
1381 1858
1382 1017
1382 1050
1383 864
1383 1143
1384 1190
1385 242
1385 645
1385 1824
1386 959
1386 1664
1387 584
1387 924
1387 1662
1388 632
1388 827
1388 848
1388 1040
1388 1117
1388 1678
1388 1925
1389 578
1389 940
1389 1668
1389 1971
1390 54
1390 85
1390 304
1390 604
1390 676
1390 761
1390 1275
1390 1507
1391 564
1391 686
1391 759
1391 899
1392 743
1392 805
1392 1317
1392 1713
1392 1777
1392 1845
1392 1857
1392 1890
1393 912
1393 1990
1394 1210
1394 1334
1394 1809
1395 255
1395 1058
1395 1698
1396 517
1396 831
1396 835
1397 225
1397 1455
1397 1680
1397 1695
1398 515
1398 675
1398 698
1398 1076
1398 1723
1399 632
1399 1218
1400 618
1400 917
1400 1281
1401 714
1401 1225
1401 1491
1401 1649
1401 1703
1402 93
1402 269
1402 1566
1402 1672
1402 1958
1403 426
1403 1190
1403 1570
1404 1
1404 4
1404 954
1404 1006
1404 1275
1404 1630
1404 1669
1404 1836
1405 1414
1405 1497
1405 1543
1405 1895
1406 108
1406 335
1406 678
1406 1023
1406 1251
1406 1793
1406 1818
1407 219
1407 390
1407 489
1407 564
1407 1259
1408 502
1408 1005
1408 1046
1409 469
1409 1438
1410 104
1410 1071
1410 1870
1411 668
1411 1091
1411 1135
1411 1207
1411 1741
1412 454
1413 714
1413 1048
1413 1489
1414 781
1414 1405
1414 1543
1414 1814
1415 246
1415 1218
1416 940
1416 1276
1417 116
1417 1031
1417 1133
1417 1798
1418 1230
1418 1319
1418 1587
1418 1663
1418 1666
1418 1852
1419 1756
1419 1815
1420 329
1420 846
1420 1136
1420 1178
1420 1523
1420 1828
1421 634
1421 886
1422 120
1422 383
1422 1038
1423 150
1423 444
1423 1032
1424 238
1424 342
1424 347
1424 447
1425 168
1425 560
1425 1072
1425 1247
1425 1486
1426 320
1426 1607
1427 6
1427 392
1427 575
1428 327
1428 547
1428 1369
1430 88
1430 220
1430 1371
1431 394
1431 1854
1431 1964
1432 1070
1432 1502
1432 1856
1433 216
1433 706
1433 1249
1433 1298
1433 1872
1435 1425
1436 447
1436 785
1436 1495
1436 1599
1438 694
1438 1168
1438 1443
1439 670
1439 861
1439 1360
1440 125
1440 304
1440 369
1440 391
1440 1008
1441 766
1441 1264
1441 1621
1442 100
1442 1273
1442 1665
1442 1812
1443 200
1443 317
1443 899
1443 1869
1444 78
1444 519
1444 1175
1444 1329
1444 1615
1444 1990
1445 467
1445 745
1445 1367
1445 1421
1445 1618
1445 1793
1446 558
1446 1606
1446 1621
1447 737
1447 1126
1448 576
1448 690
1448 775
1449 52
1449 367
1449 899
1450 203
1450 1177
1450 1558
1451 182
1451 669
1451 753
1451 1019
1451 1517
1451 1526
1452 704
1453 427
1453 877
1454 65
1454 504
1454 843
1454 1873
1455 51
1455 477
1455 771
1455 1106
1456 593
1456 768
1456 1175
1456 1283
1456 1555
1457 115
1457 452
1457 691
1457 1426
1457 1543
1457 1686
1458 1239
1458 1617
1458 1915
1458 1960
1459 1103
1460 613
1460 1936
1460 1995
1461 134
1461 339
1461 817
1461 874
1462 81
1462 246
1462 1072
1462 1253
1462 1527
1462 1706
1463 400
1463 969
1463 983
1463 1017
1463 1610
1463 1612
1463 1896
1464 342
1464 1401
1464 1978
1465 452
1465 1264
1465 1572
1465 1726
1466 195
1466 927
1466 1009
1467 61
1467 1242
1467 1385
1467 1501
1467 1886
1468 830
1468 1104
1469 763
1469 958
1469 1208
1470 384
1470 778
1470 888
1470 1435
1471 1741
1471 1911
1471 1914
1471 1925
1472 520
1472 1295
1473 1548
1473 1873
1474 135
1474 198
1474 458
1474 490
1474 1126
1475 1262
1476 193
1476 497
1476 713
1476 1722
1477 111
1477 152
1477 383
1477 762
1477 1438
1478 263
1478 1156
1478 1507
1479 1016
1479 1834
1479 1913
1479 1961
1480 169
1480 627
1480 1220
1480 1223
1481 472
1481 865
1481 1063
1482 233
1483 1042
1484 909
1484 1714
1484 1911
1485 550
1485 1008
1485 1106
1485 1492
1485 1615
1486 557
1486 739
1486 1040
1487 126
1487 189
1487 1514
1487 1830
1488 1080
1488 1359
1488 1875
1489 257
1489 967
1490 686
1490 885
1490 1321
1490 1701
1491 393
1491 658
1492 374
1492 619
1492 967
1492 1308
1492 1959
1493 35
1493 66
1493 170
1493 483
1493 672
1493 886
1493 895
1493 1368
1493 1491
1493 1839
1493 1898
1493 1939
1494 202
1494 1289
1495 33
1495 776
1495 1142
1495 1242
1495 1454
1495 1597
1496 698
1496 868
1496 1398
1497 557
1497 1405
1497 1786
1497 1895
1497 1906
1498 137
1498 613
1498 830
1498 948
1498 1381
1498 1467
1498 1527
1499 867
1499 954
1499 1479
1499 1535
1499 1857
1500 1000
1500 1870
1501 40
1501 238
1501 712
1501 1102
1502 69
1502 1030
1504 134
1504 629
1504 914
1504 1916
1505 183
1505 473
1505 659
1505 663
1505 1087
1506 1107
1506 1406
1506 1604
1507 140
1507 988
1507 1245
1508 905
1508 985
1508 990
1509 288
1509 677
1509 981
1509 1124
1510 57
1510 328
1510 628
1510 741
1511 1355
1512 1312
1513 261
1513 1876
1514 791
1514 1487
1515 483
1515 1573
1516 48
1516 129
1516 781
1517 52
1517 182
1517 585
1517 1451
1518 161
1518 1697
1519 250
1519 343
1519 384
1519 391
1519 840
1519 1095
1520 178
1520 226
1520 537
1520 1872
1520 1976
1521 302
1521 384
1521 1187
1521 1610
1522 528
1522 1114
1523 89
1523 362
1523 664
1523 679
1523 1285
1524 1112
1524 1139
1524 1255
1524 1331
1524 1583
1525 358
1525 1996
1526 99
1526 306
1526 747
1526 972
1526 1375
1526 1485
1526 1854
1527 389
1527 504
1527 1554
1528 117
1528 417
1528 1739
1529 126
1529 828
1529 984
1529 1702
1530 241
1530 979
1530 1800
1530 1940
1530 1960
1531 588
1531 1306
1531 1445
1531 1679
1532 136
1532 354
1532 1054
1532 1588
1533 283
1533 329
1533 404
1533 819
1533 1591
1533 1779
1533 1813
1534 27
1534 436
1534 640
1534 1195
1534 1355
1535 229
1535 671
1535 1011
1535 1175
1535 1586
1535 1702
1535 1947
1536 94
1536 135
1536 1038
1537 81
1538 412
1538 932
1538 1012
1538 1179
1539 518
1539 742
1539 1048
1539 1287
1539 1791
1540 46
1540 466
1540 519
1540 1329
1540 1444
1540 1577
1541 224
1541 430
1541 833
1541 1787
1542 406
1542 549
1542 1654
1543 115
1543 1405
1543 1414
1543 1457
1543 1814
1544 24
1544 87
1544 1111
1545 177
1545 746
1545 930
1547 1180
1548 519
1548 707
1548 876
1548 1123
1549 154
1549 202
1549 885
1549 938
1550 303
1550 764
1550 1333
1550 1501
1550 1606
1551 953
1551 1908
1552 49
1552 718
1553 932
1553 1268
1554 133
1554 555
1554 1143
1555 262
1555 744
1555 792
1555 1192
1555 1874
1555 1920
1556 531
1556 747
1556 1168
1556 1658
1557 668
1557 947
1558 248
1558 481
1558 824
1558 1024
1558 1724
1558 1972
1559 97
1559 1571
1560 189
1560 294
1560 811
1560 1353
1560 1521
1560 1834
1561 270
1561 928
1561 1018
1561 1384
1561 1478
1561 1614
1561 1861
1562 198
1562 929
1562 1113
1562 1422
1562 1779
1563 547
1563 1267
1564 538
1564 1279
1564 1803
1565 259
1565 377
1565 691
1565 1309
1565 1545
1565 1982
1566 334
1566 979
1566 1970
1567 388
1567 1090
1567 1315
1567 1482
1567 1920
1568 1100
1568 1283
1568 1309
1569 1123
1570 494
1570 1271
1571 97
1571 224
1572 884
1573 315
1573 999
1573 1515
1573 1897
1574 1540
1575 235
1575 1121
1575 1783
1576 360
1577 227
1577 466
1577 919
1577 1236
1577 1540
1577 1997
1578 1182
1578 1499
1578 1830
1579 858
1579 1293
1579 1785
1579 1881
1581 245
1581 662
1581 863
1581 1800
1581 1827
1582 70
1582 410
1582 587
1582 862
1582 954
1582 1250
1583 1214
1583 1231
1583 1276
1583 1524
1583 1677
1584 234
1584 1204
1584 1712
1585 153
1585 721
1585 932
1585 1272
1585 1635
1586 64
1586 373
1586 467
1586 945
1586 1044
1586 1390
1587 908
1587 1997
1588 115
1588 278
1588 634
1588 809
1588 1675
1589 1432
1590 1016
1590 1773
1591 894
1591 1375
1592 11
1592 69
1592 186
1592 581
1592 1288
1592 1564
1592 1597
1592 1629
1592 1779
1593 214
1593 760
1593 861
1593 1293
1593 1530
1594 1207
1595 539
1595 1042
1596 68
1596 1911
1597 311
1597 1753
1598 286
1599 342
1599 817
1599 1028
1599 1381
1600 1650
1600 1734
1600 1769
1600 1803
1600 1936
1601 61
1601 195
1601 479
1601 497
1601 1851
1602 348
1602 398
1602 998
1602 1864
1602 1901
1603 121
1604 647
1604 811
1604 1867
1605 810
1605 1119
1605 1593
1605 1808
1606 301
1606 547
1606 1156
1606 1316
1606 1571
1606 1808
1607 1208
1607 1641
1608 291
1608 1950
1609 959
1609 1231
1610 313
1610 370
1610 1017
1610 1120
1610 1254
1611 369
1611 700
1611 820
1611 1519
1612 270
1612 346
1612 733
1612 1976
1613 340
1613 970
1614 749
1614 1459
1614 1555
1615 50
1615 223
1615 731
1615 885
1615 974
1615 1144
1615 1167
1616 220
1616 369
1616 942
1616 1160
1616 1659
1616 1709
1617 5
1617 533
1617 914
1617 1821
1618 479
1618 1126
1618 1201
1619 646
1619 1486
1620 232
1620 781
1620 958
1620 1422
1621 403
1621 664
1621 1583
1622 15
1623 104
1623 824
1623 1386
1624 330
1624 1811
1626 484
1626 564
1626 1641
1627 38
1627 1888
1628 347
1628 384
1628 589
1628 1918
1629 96
1629 1413
1629 1555
1629 1741
1629 1828
1629 1844
1630 729
1630 899
1630 1679
1630 1808
1631 139
1631 268
1631 317
1631 391
1631 512
1631 567
1632 583
1632 1179
1632 1251
1634 243
1634 1144
1634 1319
1635 1083
1635 1141
1635 1522
1636 243
1636 457
1636 894
1636 1583
1636 1591
1636 1927
1637 219
1638 612
1638 1352
1638 1705
1639 350
1639 1561
1640 749
1640 1207
1640 1268
1640 1532
1640 1566
1640 1614
1641 272
1641 1104
1641 1290
1641 1626
1641 1790
1642 515
1642 1037
1642 1151
1643 55
1643 1375
1643 1706
1644 128
1644 420
1644 487
1644 1399
1645 283
1645 382
1645 399
1645 1063
1645 1634
1645 1673
1645 1721
1645 1779
1646 397
1646 566
1646 1098
1647 518
1647 1475
1648 1400
1648 1874
1648 1945
1649 779
1649 1977
1650 208
1650 553
1650 1185
1651 777
1651 1779
1651 1940
1652 494
1652 717
1652 1679
1652 1880
1653 277
1653 572
1653 1678
1654 1542
1654 1879
1654 1896
1655 803
1655 1258
1655 1447
1655 1484
1656 294
1657 1170
1657 1366
1657 1460
1657 1886
1657 1891
1659 100
1659 1616
1660 839
1660 1998
1661 365
1661 601
1661 710
1661 1047
1662 698
1662 1188
1662 1380
1663 340
1664 525
1664 971
1664 1277
1664 1296
1664 1813
1665 29
1665 1186
1665 1482
1665 1580
1666 188
1666 719
1666 1418
1666 1571
1667 139
1667 304
1667 526
1667 1159
1667 1208
1668 348
1668 408
1668 745
1668 1570
1668 1605
1669 90
1669 344
1669 485
1669 487
1669 553
1669 1875
1670 38
1670 246
1670 789
1670 838
1670 1743
1671 275
1671 753
1671 1645
1672 1071
1672 1171
1672 1187
1673 492
1673 1145
1673 1564
1674 114
1674 180
1674 690
1674 878
1674 1279
1674 1964
1675 213
1675 521
1675 749
1675 890
1675 1048
1676 403
1676 1280
1677 1214
1677 1583
1677 1612
1678 393
1678 433
1678 683
1678 1144
1678 1642
1679 110
1679 621
1679 1652
1680 229
1680 313
1680 622
1680 1390
1680 1416
1681 504
1681 588
1681 1091
1681 1721
1681 1903
1682 419
1682 1008
1682 1533
1683 204
1683 916
1683 1986
1684 869
1684 1142
1684 1221
1684 1248
1684 1431
1684 1472
1684 1744
1684 1860
1685 793
1685 871
1685 1134
1685 1506
1685 1745
1685 1759
1686 30
1686 84
1686 559
1686 850
1686 1681
1686 1703
1686 1720
1687 390
1687 1971
1688 45
1688 1310
1689 77
1689 676
1690 323
1690 691
1690 1080
1691 217
1691 333
1691 573
1691 1366
1692 606
1692 1375
1692 1491
1692 1726
1692 1747
1692 1921
1693 78
1693 604
1693 732
1693 1961
1694 199
1694 222
1694 687
1694 792
1694 1077
1694 1445
1694 1907
1695 829
1695 1076
1695 1696
1696 743
1696 961
1696 1004
1696 1063
1696 1415
1696 1485
1697 664
1697 933
1697 1127
1697 1349
1697 1518
1697 1977
1698 255
1698 592
1698 1395
1698 1452
1699 513
1699 722
1699 819
1699 993
1700 905
1700 1959
1701 25
1701 819
1701 823
1701 1436
1702 229
1702 588
1702 1082
1702 1344
1702 1535
1702 1871
1702 1983
1703 445
1703 976
1703 1020
1703 1148
1703 1757
1704 609
1704 842
1704 1024
1704 1216
1704 1534
1705 145
1705 182
1705 342
1705 408
1705 1638
1706 172
1706 814
1706 815
1706 1296
1707 1435
1708 909
1709 178
1709 626
1709 709
1709 1624
1709 1659
1710 189
1711 147
1711 280
1711 790
1711 830
1711 1102
1711 1511
1711 1578
1712 701
1712 985
1712 1937
1713 550
1713 728
1713 802
1713 1138
1713 1392
1713 1572
1713 1752
1713 1777
1714 1084
1714 1564
1715 363
1715 450
1715 1268
1715 1589
1716 51
1716 649
1716 977
1716 989
1716 1406
1716 1407
1716 1726
1716 1904
1716 1952
1717 114
1717 401
1717 992
1718 274
1718 1629
1719 120
1719 212
1719 654
1719 1335
1719 1907
1720 558
1720 1126
1721 1681
1722 581
1722 1132
1722 1189
1722 1228
1722 1894
1723 904
1723 1076
1723 1206
1723 1398
1724 60
1724 77
1724 1066
1724 1523
1724 1558
1725 1412
1725 1556
1726 453
1726 526
1726 1968
1727 208
1727 929
1727 1311
1728 1892
1728 1924
1729 74
1729 349
1729 514
1729 949
1730 710
1730 1587
1731 140
1731 240
1731 920
1731 1050
1731 1330
1732 309
1732 1731
1732 1955
1733 1227
1733 1682
1734 564
1734 818
1734 1151
1734 1824
1735 141
1735 993
1736 1025
1736 1916
1737 8
1737 507
1737 982
1737 1154
1737 1714
1738 336
1738 366
1738 476
1738 587
1739 117
1739 392
1739 1018
1740 226
1740 271
1740 1985
1741 176
1741 385
1741 651
1741 1264
1741 1411
1741 1607
1742 199
1742 483
1742 1377
1743 2
1743 246
1743 1000
1743 1670
1743 1968
1744 952
1745 659
1745 1632
1745 1962
1746 1611
1747 122
1748 238
1748 1117
1748 1227
1748 1624
1749 391
1749 485
1749 845
1749 947
1749 991
1749 1133
1749 1374
1749 1447
1749 1929
1749 1938
1750 325
1750 631
1750 847
1751 16
1751 506
1751 1336
1752 984
1752 1866
1753 352
1753 1574
1753 1659
1754 1649
1755 518
1755 879
1755 1048
1755 1392
1755 1959
1756 363
1756 863
1756 908
1756 1419
1757 1566
1758 980
1758 1080
1758 1690
1759 232
1759 413
1759 1221
1759 1825
1759 1860
1760 596
1760 1023
1760 1200
1760 1712
1761 98
1761 425
1761 1637
1762 774
1762 1041
1763 300
1763 822
1763 1005
1763 1781
1763 1795
1764 259
1764 1618
1765 130
1765 210
1765 735
1765 798
1765 1024
1765 1155
1766 1886
1767 886
1767 993
1768 431
1768 432
1768 1045
1768 1661
1769 1206
1770 279
1770 357
1770 1608
1770 1767
1771 15
1771 1801
1772 1053
1772 1632
1773 57
1773 1016
1773 1590
1774 39
1774 531
1774 1266
1775 590
1775 828
1776 532
1777 13
1777 1036
1777 1271
1777 1392
1777 1587
1779 283
1779 382
1779 399
1779 1645
1780 126
1780 854
1780 997
1780 1667
1781 40
1781 468
1781 1293
1781 1461
1781 1493
1782 379
1782 1005
1783 335
1783 1426
1783 1764
1784 740
1784 1461
1784 1672
1785 253
1785 646
1785 880
1785 1713
1786 506
1786 563
1786 654
1786 1226
1786 1354
1786 1374
1786 1776
1786 1829
1787 29
1787 209
1787 1855
1787 1922
1787 1988
1788 1971
1789 1117
1789 1916
1789 1946
1790 1376
1790 1969
1791 742
1791 1539
1792 276
1792 354
1792 672
1792 937
1793 279
1793 646
1793 1445
1793 1832
1794 18
1794 367
1794 669
1794 908
1795 687
1795 980
1795 1600
1795 1778
1795 1864
1795 1936
1796 499
1796 1006
1796 1364
1797 605
1797 1489
1797 1675
1797 1699
1797 1786
1798 588
1798 986
1798 1235
1798 1921
1799 977
1799 1424
1799 1680
1799 1863
1799 1970
1800 245
1800 730
1800 843
1800 1869
1801 209
1801 262
1801 349
1801 703
1801 1507
1802 142
1802 463
1803 1026
1803 1378
1803 1923
1804 43
1804 987
1804 988
1804 1049
1804 1250
1804 1751
1804 1992
1805 1115
1805 1659
1806 424
1806 1022
1806 1051
1807 124
1807 251
1807 1005
1808 1605
1809 407
1809 420
1809 1908
1810 360
1810 880
1810 1026
1810 1686
1810 1703
1811 272
1811 781
1811 945
1812 492
1812 1158
1812 1442
1812 1469
1812 1844
1813 1163
1813 1664
1814 419
1814 720
1814 1181
1814 1478
1814 1954
1815 553
1815 1260
1815 1449
1815 1464
1815 1660
1816 30
1816 1231
1817 1741
1818 1192
1818 1264
1818 1620
1818 1621
1819 1550
1819 1760
1820 1327
1821 308
1821 642
1821 1134
1821 1280
1822 248
1822 1292
1822 1525
1823 191
1823 258
1823 345
1823 748
1823 1477
1823 1863
1824 251
1824 1401
1824 1573
1825 194
1825 430
1825 533
1825 1129
1825 1938
1826 285
1826 609
1826 911
1826 994
1827 125
1827 710
1827 1629
1828 1178
1828 1420
1828 1629
1828 1635
1828 1745
1828 1770
1829 677
1829 794
1829 1201
1829 1706
1829 1786
1830 76
1830 672
1830 950
1830 1348
1830 1447
1830 1919
1831 955
1832 403
1832 1459
1832 1648
1832 1884
1833 89
1833 1004
1834 87
1834 1479
1834 1560
1835 531
1835 824
1836 67
1836 980
1836 1625
1837 93
1837 1550
1838 387
1838 721
1838 1234
1838 1718
1839 35
1839 426
1839 1224
1839 1749
1839 1753
1840 733
1840 770
1840 794
1840 1894
1840 1959
1841 179
1841 1413
1842 42
1842 418
1842 1216
1842 1750
1843 625
1843 910
1843 1895
1844 215
1844 678
1844 1442
1845 396
1845 641
1845 1286
1846 310
1846 346
1846 557
1846 1057
1846 1547
1846 1819
1847 151
1847 355
1847 385
1847 1055
1848 157
1849 489
1849 1064
1850 514
1850 1805
1851 1095
1852 254
1852 329
1852 1531
1853 1794
1853 1940
1854 116
1854 460
1854 482
1854 523
1854 634
1854 638
1854 1002
1855 610
1855 1764
1855 1837
1856 254
1856 959
1856 1401
1857 35
1857 437
1857 1952
1858 24
1858 111
1858 556
1858 1791
1858 1809
1859 125
1859 779
1859 1016
1859 1262
1859 1283
1859 1925
1860 156
1860 214
1860 372
1860 428
1860 760
1860 1155
1860 1221
1860 1558
1860 1936
1861 147
1861 1534
1862 651
1862 818
1863 463
1863 507
1863 1210
1863 1781
1864 894
1864 1577
1864 1795
1865 417
1865 664
1865 1281
1865 1845
1866 414
1866 420
1866 1772
1867 502
1867 1365
1868 103
1868 511
1868 1387
1868 1532
1868 1720
1869 14
1869 486
1869 969
1870 122
1871 176
1871 602
1871 1398
1871 1702
1871 1875
1872 51
1872 147
1872 1131
1873 428
1873 904
1873 1135
1873 1862
1874 79
1874 204
1874 535
1874 1039
1874 1391
1874 1555
1875 768
1875 1871
1876 329
1876 672
1877 535
1877 1603
1877 1895
1877 1896
1878 75
1878 1251
1878 1584
1879 272
1879 1195
1880 552
1881 801
1881 874
1881 1851
1881 1984
1882 353
1882 886
1882 1024
1883 234
1883 370
1883 1644
1883 1746
1884 402
1884 853
1884 999
1884 1601
1884 1889
1885 541
1885 872
1885 996
1886 608
1886 977
1886 1113
1886 1170
1886 1481
1886 1657
1887 1078
1887 1919
1887 1994
1888 123
1888 672
1888 1627
1888 1749
1889 929
1889 1871
1890 269
1890 621
1890 644
1890 658
1890 872
1890 1272
1890 1927
1891 1855
1892 1230
1892 1986
1893 352
1893 375
1893 1211
1893 1683
1893 1840
1894 539
1894 733
1894 1201
1894 1336
1894 1771
1894 1840
1895 408
1895 590
1895 815
1895 1405
1895 1439
1896 295
1896 456
1896 1174
1896 1603
1897 77
1897 738
1897 1165
1897 1808
1898 476
1898 506
1898 760
1898 766
1898 834
1898 1381
1899 1329
1900 1220
1900 1329
1900 1736
1901 943
1901 1000
1901 1280
1901 1373
1901 1760
1902 1031
1902 1240
1902 1341
1903 973
1903 1855
1904 1462
1905 245
1905 1091
1905 1790
1906 777
1906 1058
1906 1337
1906 1926
1907 9
1907 274
1907 787
1907 930
1908 162
1908 917
1908 1848
1909 335
1909 1163
1909 1267
1909 1275
1910 346
1910 471
1910 506
1910 516
1910 873
1910 1934
1911 491
1911 1471
1912 309
1912 1888
1913 1966
1914 48
1914 1832
1915 524
1915 699
1915 1311
1916 1401
1917 300
1917 655
1917 889
1917 1104
1917 1209
1917 1345
1917 1945
1917 1973
1918 318
1918 434
1918 566
1918 936
1918 1282
1919 161
1919 1830
1920 98
1920 322
1920 461
1920 1092
1921 299
1921 640
1921 1300
1921 1675
1922 517
1922 627
1922 848
1922 1179
1922 1374
1922 1619
1923 425
1924 185
1924 284
1924 797
1924 870
1924 947
1924 1110
1924 1330
1925 920
1925 1381
1925 1388
1925 1483
1925 1487
1926 27
1926 62
1926 239
1926 1014
1926 1172
1926 1906
1927 257
1927 807
1928 88
1928 616
1928 764
1928 838
1929 49
1929 509
1929 663
1929 1803
1930 1456
1930 1729
1930 1906
1930 1979
1931 6
1931 395
1931 1993
1932 931
1932 1191
1932 1497
1932 1925
1933 472
1933 1140
1933 1313
1933 1315
1933 1403
1933 1505
1933 1678
1934 304
1934 316
1934 431
1934 941
1934 1033
1934 1598
1935 121
1935 1354
1935 1753
1936 616
1936 1485
1936 1600
1936 1832
1936 1860
1937 24
1937 1404
1937 1512
1937 1557
1938 494
1938 612
1938 991
1938 1066
1938 1234
1938 1825
1939 30
1939 1389
1939 1441
1940 1274
1940 1853
1941 663
1941 1402
1941 1944
1942 579
1942 1733
1943 628
1943 1416
1943 1639
1944 349
1944 1927
1945 245
1945 413
1945 1388
1945 1585
1946 1748
1947 1390
1948 450
1948 738
1948 1016
1948 1023
1948 1307
1948 1346
1949 61
1949 158
1949 466
1949 765
1949 1093
1949 1337
1949 1577
1949 1765
1950 520
1950 1405
1950 1446
1950 1543
1951 113
1951 131
1951 218
1951 1888
1952 472
1952 486
1952 900
1952 1064
1953 429
1953 651
1953 836
1953 1023
1953 1161
1954 543
1954 703
1955 49
1955 285
1955 598
1955 658
1955 1016
1955 1428
1956 244
1956 335
1956 601
1956 696
1956 1076
1956 1279
1956 1512
1956 1723
1957 470
1957 1956
1958 1232
1958 1321
1958 1431
1959 1311
1959 1900
1960 925
1960 975
1960 1458
1961 373
1961 487
1961 1369
1961 1799
1961 1973
1962 97
1962 406
1962 514
1962 752
1962 1416
1963 171
1963 1210
1963 1342
1963 1491
1964 114
1964 401
1964 458
1964 739
1964 851
1964 989
1965 19
1965 405
1965 607
1965 913
1965 1324
1965 1549
1965 1574
1966 640
1966 810
1966 1300
1966 1546
1966 1925
1967 150
1967 1372
1967 1452
1967 1514
1968 452
1968 1072
1968 1305
1969 137
1969 528
1969 828
1969 976
1969 1923
1970 925
1970 1387
1970 1803
1971 1687
1972 264
1972 447
1973 300
1973 422
1973 776
1973 889
1973 917
1973 1005
1973 1135
1973 1917
1974 369
1974 501
1974 1464
1974 1608
1974 1927
1975 934
1976 951
1976 1567
1976 1929
1977 149
1977 524
1977 1981
1978 11
1978 439
1978 533
1979 1021
1980 237
1980 578
1980 689
1980 1386
1981 149
1981 1041
1981 1153
1981 1255
1982 27
1982 273
1982 296
1982 509
1982 1432
1983 500
1983 1068
1983 1455
1983 1470
1983 1780
1984 4
1984 351
1984 1875
1984 1900
1985 65
1985 181
1985 271
1985 633
1985 742
1985 1740
1985 1820
1986 47
1986 1217
1986 1300
1986 1741
1987 22
1987 96
1987 187
1987 660
1988 1356
1988 1685
1989 423
1989 761
1989 956
1989 1215
1989 1768
1990 583
1990 1592
1991 117
1991 195
1991 1573
1992 76
1992 287
1992 1794
1993 346
1993 414
1993 416
1993 1328
1993 1520
1993 1808
1994 452
1994 549
1994 787
1994 1061
1994 1887
1995 821
1996 252
1996 877
1996 1203
1996 1829
1996 1847
1997 19
1997 236
1997 643
1997 1271
1997 1577
1997 1587
1998 1510
1998 1809
1998 1818
1999 27
1999 108
1999 615
1999 851
1999 1356
2000 451
2000 1043
2000 1542


***This graph contains:****
vertices	    2000
arc	7243
reciprocity	583
AinS(2.00)	7565.00830
AoutS(2.00)	7673.76465
AT-T(2.00)	759.37500


Digraph Density = 0.00181

In-degree Distribution:(range[0..n-1])
3	138	372	525	449	266	131	71	34	8	2	0	0	1	0	0	0	0	0	0	0	0	0	0	0	0	0	0	0	0	0	0	0	0	0	0	0	0	0	0	0	0	0	0	0	0	0	0	0	0	0	0	0	0	0	0	0	0	0	0	0	0	0	0	0	0	0	0	0	0	0	0	0	0	0	0	0	0	0	0	0	0	0	0	0	0	0	0	0	0	0	0	0	0	0	0	0	0	0	0	0	0	0	0	0	0	0	0	0	0	0	0	0	0	0	0	0	0	0	0	0	0	0	0	0	0	0	0	0	0	0	0	0	0	0	0	0	0	0	0	0	0	0	0	0	0	0	0	0	0	0	0	0	0	0	0	0	0	0	0	0	0	0	0	0	0	0	0	0	0	0	0	0	0	0	0	0	0	0	0	0	0	0	0	0	0	0	0	0	0	0	0	0	0	0	0	0	0	0	0	0	0	0	0	0	0	0	0	0	0	0	0	0	0	0	0	0	0	0	0	0	0	0	0	0	0	0	0	0	0	0	0	0	0	0	0	0	0	0	0	0	0	0	0	0	0	0	0	0	0	0	0	0	0	0	0	0	0	0	0	0	0	0	0	0	0	0	0	0	0	0	0	0	0	0	0	0	0	0	0	0	0	0	0	0	0	0	0	0	0	0	0	0	0	0	0	0	0	0	0	0	0	0	0	0	0	0	0	0	0	0	0	0	0	0	0	0	0	0	0	0	0	0	0	0	0	0	0	0	0	0	0	0	0	0	0	0	0	0	0	0	0	0	0	0	0	0	0	0	0	0	0	0	0	0	0	0	0	0	0	0	0	0	0	0	0	0	0	0	0	0	0	0	0	0	0	0	0	0	0	0	0	0	0	0	0	0	0	0	0	0	0	0	0	0	0	0	0	0	0	0	0	0	0	0	0	0	0	0	0	0	0	0	0	0	0	0	0	0	0	0	0	0	0	0	0	0	0	0	0	0	0	0	0	0	0	0	0	0	0	0	0	0	0	0	0	0	0	0	0	0	0	0	0	0	0	0	0	0	0	0	0	0	0	0	0	0	0	0	0	0	0	0	0	0	0	0	0	0	0	0	0	0	0	0	0	0	0	0	0	0	0	0	0	0	0	0	0	0	0	0	0	0	0	0	0	0	0	0	0	0	0	0	0	0	0	0	0	0	0	0	0	0	0	0	0	0	0	0	0	0	0	0	0	0	0	0	0	0	0	0	0	0	0	0	0	0	0	0	0	0	0	0	0	0	0	0	0	0	0	0	0	0	0	0	0	0	0	0	0	0	0	0	0	0	0	0	0	0	0	0	0	0	0	0	0	0	0	0	0	0	0	0	0	0	0	0	0	0	0	0	0	0	0	0	0	0	0	0	0	0	0	0	0	0	0	0	0	0	0	0	0	0	0	0	0	0	0	0	0	0	0	0	0	0	0	0	0	0	0	0	0	0	0	0	0	0	0	0	0	0	0	0	0	0	0	0	0	0	0	0	0	0	0	0	0	0	0	0	0	0	0	0	0	0	0	0	0	0	0	0	0	0	0	0	0	0	0	0	0	0	0	0	0	0	0	0	0	0	0	0	0	0	0	0	0	0	0	0	0	0	0	0	0	0	0	0	0	0	0	0	0	0	0	0	0	0	0	0	0	0	0	0	0	0	0	0	0	0	0	0	0	0	0	0	0	0	0	0	0	0	0	0	0	0	0	0	0	0	0	0	0	0	0	0	0	0	0	0	0	0	0	0	0	0	0	0	0	0	0	0	0	0	0	0	0	0	0	0	0	0	0	0	0	0	0	0	0	0	0	0	0	0	0	0	0	0	0	0	0	0	0	0	0	0	0	0	0	0	0	0	0	0	0	0	0	0	0	0	0	0	0	0	0	0	0	0	0	0	0	0	0	0	0	0	0	0	0	0	0	0	0	0	0	0	0	0	0	0	0	0	0	0	0	0	0	0	0	0	0	0	0	0	0	0	0	0	0	0	0	0	0	0	0	0	0	0	0	0	0	0	0	0	0	0	0	0	0	0	0	0	0	0	0	0	0	0	0	0	0	0	0	0	0	0	0	0	0	0	0	0	0	0	0	0	0	0	0	0	0	0	0	0	0	0	0	0	0	0	0	0	0	0	0	0	0	0	0	0	0	0	0	0	0	0	0	0	0	0	0	0	0	0	0	0	0	0	0	0	0	0	0	0	0	0	0	0	0	0	0	0	0	0	0	0	0	0	0	0	0	0	0	0	0	0	0	0	0	0	0	0	0	0	0	0	0	0	0	0	0	0	0	0	0	0	0	0	0	0	0	0	0	0	0	0	0	0	0	0	0	0	0	0	0	0	0	0	0	0	0	0	0	0	0	0	0	0	0	0	0	0	0	0	0	0	0	0	0	0	0	0	0	0	0	0	0	0	0	0	0	0	0	0	0	0	0	0	0	0	0	0	0	0	0	0	0	0	0	0	0	0	0	0	0	0	0	0	0	0	0	0	0	0	0	0	0	0	0	0	0	0	0	0	0	0	0	0	0	0	0	0	0	0	0	0	0	0	0	0	0	0	0	0	0	0	0	0	0	0	0	0	0	0	0	0	0	0	0	0	0	0	0	0	0	0	0	0	0	0	0	0	0	0	0	0	0	0	0	0	0	0	0	0	0	0	0	0	0	0	0	0	0	0	0	0	0	0	0	0	0	0	0	0	0	0	0	0	0	0	0	0	0	0	0	0	0	0	0	0	0	0	0	0	0	0	0	0	0	0	0	0	0	0	0	0	0	0	0	0	0	0	0	0	0	0	0	0	0	0	0	0	0	0	0	0	0	0	0	0	0	0	0	0	0	0	0	0	0	0	0	0	0	0	0	0	0	0	0	0	0	0	0	0	0	0	0	0	0	0	0	0	0	0	0	0	0	0	0	0	0	0	0	0	0	0	0	0	0	0	0	0	0	0	0	0	0	0	0	0	0	0	0	0	0	0	0	0	0	0	0	0	0	0	0	0	0	0	0	0	0	0	0	0	0	0	0	0	0	0	0	0	0	0	0	0	0	0	0	0	0	0	0	0	0	0	0	0	0	0	0	0	0	0	0	0	0	0	0	0	0	0	0	0	0	0	0	0	0	0	0	0	0	0	0	0	0	0	0	0	0	0	0	0	0	0	0	0	0	0	0	0	0	0	0	0	0	0	0	0	0	0	0	0	0	0	0	0	0	0	0	0	0	0	0	0	0	0	0	0	0	0	0	0	0	0	0	0	0	0	0	0	0	0	0	0	0	0	0	0	0	0	0	0	0	0	0	0	0	0	0	0	0	0	0	0	0	0	0	0	0	0	0	0	0	0	0	0	0	0	0	0	0	0	0	0	0	0	0	0	0	0	0	0	0	0	0	0	0	0	0	0	0	0	0	0	0	0	0	0	0	0	0	0	0	0	0	0	0	0	0	0	0	0	0	0	0	0	0	0	0	0	0	0	0	0	0	0	0	0	0	0	0	0	0	0	0	0	0	0	0	0	0	0	0	0	0	0	0	0	0	0	0	0	0	0	0	0	0	0	0	0	0	0	0	0	0	0	0	0	0	0	0	0	0	0	0	0	0	0	0	0	0	0	0	0	0	0	0	0	0	0	0	0	0	0	0	0	0	0	0	0	0	0	0	0	0	0	0	0	0	0	0	0	0	0	0	0	0	0	0	0	0	0	0	0	0	0	0	0	0	0	0	0	0	0	0	0	0	0	0	0	0	0	0	0	0	0	0	0	0	0	0	0	0	0	0	0	0	0	0	0	0	0	0	0	0	0	0	0	0	0	0	0	0	0	0	0	0	0	0	0	0	0	0	0	0	0	0	0	0	0	0	0	0	0	0	0	0	0	0	0	0	0	0	0	0	0	0	0	0	0	0	0	0	0	0	0	0	0	0	0	0	0	0	0	0	0	0	0	0	0	0	0	0	0	0	0	0	0	0	0	0	0	0	0	0	0	0	0	0	0	0	0	0	0	0	0	0	0	0	0	0	0	0	0	0	0	0	0	0	0	0	0	0	0	0	0	0	0	0	0	0	0	0	0	0	0	0	0	0	0	0	0	0	0	0	0	0	0	0	0	0	0	0	0	0	0	0	0	0	0	0	0	0	0	0	0	0	0	0	0	0	0	0	0	0	0	0	0	0	0	0	0	0	0	0	0	0	0	0	0	0	0	0	0	0	0	0	0	0	0	0	0	0	0	0	0	0	0	0	0	0	0	0	0	0	0	0	0	0	0	0	0	0	0	0	0	0	0	0	0	0	0	0	0	0	0	0	0	0	0	0	0	0	0	0	0	0	0	0	0	0	0	0	0	0	0	0	0	0	0	0	0	0	0	0	0	0	0	0	0	0	0	0	0	0	0	0	0	0	0	0	0	0	0	0	0	0	0	0	0	0	0	0	0	0	0	0	0	0	0	0	0	0	0	0	0	0	0	0	0	0	0	0	0	0	0	0	0	0	0	0	0	0	0	0	0	0	0	0	0	0	0	0	0	0	0	0	0	0	
Standard deviation of in-degree distribution = 1.634801
Skewness of in-degree distribution = 0.723695
Out-degree Distribution:(range[0..n-1])
22	179	353	482	399	284	152	74	39	9	5	1	1	0	0	0	0	0	0	0	0	0	0	0	0	0	0	0	0	0	0	0	0	0	0	0	0	0	0	0	0	0	0	0	0	0	0	0	0	0	0	0	0	0	0	0	0	0	0	0	0	0	0	0	0	0	0	0	0	0	0	0	0	0	0	0	0	0	0	0	0	0	0	0	0	0	0	0	0	0	0	0	0	0	0	0	0	0	0	0	0	0	0	0	0	0	0	0	0	0	0	0	0	0	0	0	0	0	0	0	0	0	0	0	0	0	0	0	0	0	0	0	0	0	0	0	0	0	0	0	0	0	0	0	0	0	0	0	0	0	0	0	0	0	0	0	0	0	0	0	0	0	0	0	0	0	0	0	0	0	0	0	0	0	0	0	0	0	0	0	0	0	0	0	0	0	0	0	0	0	0	0	0	0	0	0	0	0	0	0	0	0	0	0	0	0	0	0	0	0	0	0	0	0	0	0	0	0	0	0	0	0	0	0	0	0	0	0	0	0	0	0	0	0	0	0	0	0	0	0	0	0	0	0	0	0	0	0	0	0	0	0	0	0	0	0	0	0	0	0	0	0	0	0	0	0	0	0	0	0	0	0	0	0	0	0	0	0	0	0	0	0	0	0	0	0	0	0	0	0	0	0	0	0	0	0	0	0	0	0	0	0	0	0	0	0	0	0	0	0	0	0	0	0	0	0	0	0	0	0	0	0	0	0	0	0	0	0	0	0	0	0	0	0	0	0	0	0	0	0	0	0	0	0	0	0	0	0	0	0	0	0	0	0	0	0	0	0	0	0	0	0	0	0	0	0	0	0	0	0	0	0	0	0	0	0	0	0	0	0	0	0	0	0	0	0	0	0	0	0	0	0	0	0	0	0	0	0	0	0	0	0	0	0	0	0	0	0	0	0	0	0	0	0	0	0	0	0	0	0	0	0	0	0	0	0	0	0	0	0	0	0	0	0	0	0	0	0	0	0	0	0	0	0	0	0	0	0	0	0	0	0	0	0	0	0	0	0	0	0	0	0	0	0	0	0	0	0	0	0	0	0	0	0	0	0	0	0	0	0	0	0	0	0	0	0	0	0	0	0	0	0	0	0	0	0	0	0	0	0	0	0	0	0	0	0	0	0	0	0	0	0	0	0	0	0	0	0	0	0	0	0	0	0	0	0	0	0	0	0	0	0	0	0	0	0	0	0	0	0	0	0	0	0	0	0	0	0	0	0	0	0	0	0	0	0	0	0	0	0	0	0	0	0	0	0	0	0	0	0	0	0	0	0	0	0	0	0	0	0	0	0	0	0	0	0	0	0	0	0	0	0	0	0	0	0	0	0	0	0	0	0	0	0	0	0	0	0	0	0	0	0	0	0	0	0	0	0	0	0	0	0	0	0	0	0	0	0	0	0	0	0	0	0	0	0	0	0	0	0	0	0	0	0	0	0	0	0	0	0	0	0	0	0	0	0	0	0	0	0	0	0	0	0	0	0	0	0	0	0	0	0	0	0	0	0	0	0	0	0	0	0	0	0	0	0	0	0	0	0	0	0	0	0	0	0	0	0	0	0	0	0	0	0	0	0	0	0	0	0	0	0	0	0	0	0	0	0	0	0	0	0	0	0	0	0	0	0	0	0	0	0	0	0	0	0	0	0	0	0	0	0	0	0	0	0	0	0	0	0	0	0	0	0	0	0	0	0	0	0	0	0	0	0	0	0	0	0	0	0	0	0	0	0	0	0	0	0	0	0	0	0	0	0	0	0	0	0	0	0	0	0	0	0	0	0	0	0	0	0	0	0	0	0	0	0	0	0	0	0	0	0	0	0	0	0	0	0	0	0	0	0	0	0	0	0	0	0	0	0	0	0	0	0	0	0	0	0	0	0	0	0	0	0	0	0	0	0	0	0	0	0	0	0	0	0	0	0	0	0	0	0	0	0	0	0	0	0	0	0	0	0	0	0	0	0	0	0	0	0	0	0	0	0	0	0	0	0	0	0	0	0	0	0	0	0	0	0	0	0	0	0	0	0	0	0	0	0	0	0	0	0	0	0	0	0	0	0	0	0	0	0	0	0	0	0	0	0	0	0	0	0	0	0	0	0	0	0	0	0	0	0	0	0	0	0	0	0	0	0	0	0	0	0	0	0	0	0	0	0	0	0	0	0	0	0	0	0	0	0	0	0	0	0	0	0	0	0	0	0	0	0	0	0	0	0	0	0	0	0	0	0	0	0	0	0	0	0	0	0	0	0	0	0	0	0	0	0	0	0	0	0	0	0	0	0	0	0	0	0	0	0	0	0	0	0	0	0	0	0	0	0	0	0	0	0	0	0	0	0	0	0	0	0	0	0	0	0	0	0	0	0	0	0	0	0	0	0	0	0	0	0	0	0	0	0	0	0	0	0	0	0	0	0	0	0	0	0	0	0	0	0	0	0	0	0	0	0	0	0	0	0	0	0	0	0	0	0	0	0	0	0	0	0	0	0	0	0	0	0	0	0	0	0	0	0	0	0	0	0	0	0	0	0	0	0	0	0	0	0	0	0	0	0	0	0	0	0	0	0	0	0	0	0	0	0	0	0	0	0	0	0	0	0	0	0	0	0	0	0	0	0	0	0	0	0	0	0	0	0	0	0	0	0	0	0	0	0	0	0	0	0	0	0	0	0	0	0	0	0	0	0	0	0	0	0	0	0	0	0	0	0	0	0	0	0	0	0	0	0	0	0	0	0	0	0	0	0	0	0	0	0	0	0	0	0	0	0	0	0	0	0	0	0	0	0	0	0	0	0	0	0	0	0	0	0	0	0	0	0	0	0	0	0	0	0	0	0	0	0	0	0	0	0	0	0	0	0	0	0	0	0	0	0	0	0	0	0	0	0	0	0	0	0	0	0	0	0	0	0	0	0	0	0	0	0	0	0	0	0	0	0	0	0	0	0	0	0	0	0	0	0	0	0	0	0	0	0	0	0	0	0	0	0	0	0	0	0	0	0	0	0	0	0	0	0	0	0	0	0	0	0	0	0	0	0	0	0	0	0	0	0	0	0	0	0	0	0	0	0	0	0	0	0	0	0	0	0	0	0	0	0	0	0	0	0	0	0	0	0	0	0	0	0	0	0	0	0	0	0	0	0	0	0	0	0	0	0	0	0	0	0	0	0	0	0	0	0	0	0	0	0	0	0	0	0	0	0	0	0	0	0	0	0	0	0	0	0	0	0	0	0	0	0	0	0	0	0	0	0	0	0	0	0	0	0	0	0	0	0	0	0	0	0	0	0	0	0	0	0	0	0	0	0	0	0	0	0	0	0	0	0	0	0	0	0	0	0	0	0	0	0	0	0	0	0	0	0	0	0	0	0	0	0	0	0	0	0	0	0	0	0	0	0	0	0	0	0	0	0	0	0	0	0	0	0	0	0	0	0	0	0	0	0	0	0	0	0	0	0	0	0	0	0	0	0	0	0	0	0	0	0	0	0	0	0	0	0	0	0	0	0	0	0	0	0	0	0	0	0	0	0	0	0	0	0	0	0	0	0	0	0	0	0	0	0	0	0	0	0	0	0	0	0	0	0	0	0	0	0	0	0	0	0	0	0	0	0	0	0	0	0	0	0	0	0	0	0	0	0	0	0	0	0	0	0	0	0	0	0	0	0	0	0	0	0	0	0	0	0	0	0	0	0	0	0	0	0	0	0	0	0	0	0	0	0	0	0	0	0	0	0	0	0	0	0	0	0	0	0	0	0	0	0	0	0	0	0	0	0	0	0	0	0	0	0	0	0	0	0	0	0	0	0	0	0	0	0	0	0	0	0	0	0	0	0	0	0	0	0	0	0	0	0	0	0	0	0	0	0	0	0	0	0	0	0	0	0	0	0	0	0	0	0	0	0	0	0	0	0	0	0	0	0	0	0	0	0	0	0	0	0	0	0	0	0	0	0	0	0	0	0	0	0	0	0	0	0	0	0	0	0	0	0	0	0	0	0	0	0	0	0	0	0	0	0	0	0	0	0	0	0	0	0	0	0	0	0	0	0	0	0	0	0	0	0	0	0	0	0	0	0	0	0	0	0	0	0	0	0	0	0	0	0	0	0	0	0	0	0	0	0	0	0	0	0	0	0	0	0	0	0	0	0	0	0	0	0	0	0	0	0	0	0	0	0	0	0	0	0	0	0	0	0	0	0	0	0	0	0	0	0	0	0	0	0	0	0	0	0	0	0	0	0	0	0	0	0	0	0	0	0	0	0	0	0	0	0	0	0	0	0	0	0	0	0	0	0	0	0	0	0	0	0	0	0	0	0	0	0	0	0	0	0	0	0	0	0	0	0	0	0	0	0	0	0	0	0	0	0	0	0	0	0	0	0	0	0	0	0	0	0	0	0	0	0	0	0	0	0	0	0	0	0	0	0	0	0	0	0	0	0	0	0	0	0	0	0	0	0	0	0	0	0	0	0	0	0	0	0	0	0	0	0	0	0	0	0	0	0	0	0	0	0	0	0	0	0	0	0	
Standard deviation of out-degree distribution = 1.771103
Skewness of out-degree distribution = 0.606196
Corr. Coef. between in and out degree distributions = 0.189348
Mean degree = 3.62150

Global Clustering Coefficients:
Cto =  0.03159
Cti =  0.03280
Ctm =  0.03050
Ccm =  0.02282
AKC-T =  0.02915
AKC-D =  0.02959
AKC-U =  0.03085
AKC-C =  0.02168

Geodesic Distribution:(range[1..n-1,inf])
Note: geodesic = shortest path between two nodes.
The geodesic distribution is not based on semi-paths.
7243	25217	86508	280218	754031	1295153	1044501	366557	72236	11709	2222	438	56	6	1	0	0	0	0	0	0	0	0	0	0	0	0	0	0	0	0	0	0	0	0	0	0	0	0	0	0	0	0	0	0	0	0	0	0	0	0	0	0	0	0	0	0	0	0	0	0	0	0	0	0	0	0	0	0	0	0	0	0	0	0	0	0	0	0	0	0	0	0	0	0	0	0	0	0	0	0	0	0	0	0	0	0	0	0	0	0	0	0	0	0	0	0	0	0	0	0	0	0	0	0	0	0	0	0	0	0	0	0	0	0	0	0	0	0	0	0	0	0	0	0	0	0	0	0	0	0	0	0	0	0	0	0	0	0	0	0	0	0	0	0	0	0	0	0	0	0	0	0	0	0	0	0	0	0	0	0	0	0	0	0	0	0	0	0	0	0	0	0	0	0	0	0	0	0	0	0	0	0	0	0	0	0	0	0	0	0	0	0	0	0	0	0	0	0	0	0	0	0	0	0	0	0	0	0	0	0	0	0	0	0	0	0	0	0	0	0	0	0	0	0	0	0	0	0	0	0	0	0	0	0	0	0	0	0	0	0	0	0	0	0	0	0	0	0	0	0	0	0	0	0	0	0	0	0	0	0	0	0	0	0	0	0	0	0	0	0	0	0	0	0	0	0	0	0	0	0	0	0	0	0	0	0	0	0	0	0	0	0	0	0	0	0	0	0	0	0	0	0	0	0	0	0	0	0	0	0	0	0	0	0	0	0	0	0	0	0	0	0	0	0	0	0	0	0	0	0	0	0	0	0	0	0	0	0	0	0	0	0	0	0	0	0	0	0	0	0	0	0	0	0	0	0	0	0	0	0	0	0	0	0	0	0	0	0	0	0	0	0	0	0	0	0	0	0	0	0	0	0	0	0	0	0	0	0	0	0	0	0	0	0	0	0	0	0	0	0	0	0	0	0	0	0	0	0	0	0	0	0	0	0	0	0	0	0	0	0	0	0	0	0	0	0	0	0	0	0	0	0	0	0	0	0	0	0	0	0	0	0	0	0	0	0	0	0	0	0	0	0	0	0	0	0	0	0	0	0	0	0	0	0	0	0	0	0	0	0	0	0	0	0	0	0	0	0	0	0	0	0	0	0	0	0	0	0	0	0	0	0	0	0	0	0	0	0	0	0	0	0	0	0	0	0	0	0	0	0	0	0	0	0	0	0	0	0	0	0	0	0	0	0	0	0	0	0	0	0	0	0	0	0	0	0	0	0	0	0	0	0	0	0	0	0	0	0	0	0	0	0	0	0	0	0	0	0	0	0	0	0	0	0	0	0	0	0	0	0	0	0	0	0	0	0	0	0	0	0	0	0	0	0	0	0	0	0	0	0	0	0	0	0	0	0	0	0	0	0	0	0	0	0	0	0	0	0	0	0	0	0	0	0	0	0	0	0	0	0	0	0	0	0	0	0	0	0	0	0	0	0	0	0	0	0	0	0	0	0	0	0	0	0	0	0	0	0	0	0	0	0	0	0	0	0	0	0	0	0	0	0	0	0	0	0	0	0	0	0	0	0	0	0	0	0	0	0	0	0	0	0	0	0	0	0	0	0	0	0	0	0	0	0	0	0	0	0	0	0	0	0	0	0	0	0	0	0	0	0	0	0	0	0	0	0	0	0	0	0	0	0	0	0	0	0	0	0	0	0	0	0	0	0	0	0	0	0	0	0	0	0	0	0	0	0	0	0	0	0	0	0	0	0	0	0	0	0	0	0	0	0	0	0	0	0	0	0	0	0	0	0	0	0	0	0	0	0	0	0	0	0	0	0	0	0	0	0	0	0	0	0	0	0	0	0	0	0	0	0	0	0	0	0	0	0	0	0	0	0	0	0	0	0	0	0	0	0	0	0	0	0	0	0	0	0	0	0	0	0	0	0	0	0	0	0	0	0	0	0	0	0	0	0	0	0	0	0	0	0	0	0	0	0	0	0	0	0	0	0	0	0	0	0	0	0	0	0	0	0	0	0	0	0	0	0	0	0	0	0	0	0	0	0	0	0	0	0	0	0	0	0	0	0	0	0	0	0	0	0	0	0	0	0	0	0	0	0	0	0	0	0	0	0	0	0	0	0	0	0	0	0	0	0	0	0	0	0	0	0	0	0	0	0	0	0	0	0	0	0	0	0	0	0	0	0	0	0	0	0	0	0	0	0	0	0	0	0	0	0	0	0	0	0	0	0	0	0	0	0	0	0	0	0	0	0	0	0	0	0	0	0	0	0	0	0	0	0	0	0	0	0	0	0	0	0	0	0	0	0	0	0	0	0	0	0	0	0	0	0	0	0	0	0	0	0	0	0	0	0	0	0	0	0	0	0	0	0	0	0	0	0	0	0	0	0	0	0	0	0	0	0	0	0	0	0	0	0	0	0	0	0	0	0	0	0	0	0	0	0	0	0	0	0	0	0	0	0	0	0	0	0	0	0	0	0	0	0	0	0	0	0	0	0	0	0	0	0	0	0	0	0	0	0	0	0	0	0	0	0	0	0	0	0	0	0	0	0	0	0	0	0	0	0	0	0	0	0	0	0	0	0	0	0	0	0	0	0	0	0	0	0	0	0	0	0	0	0	0	0	0	0	0	0	0	0	0	0	0	0	0	0	0	0	0	0	0	0	0	0	0	0	0	0	0	0	0	0	0	0	0	0	0	0	0	0	0	0	0	0	0	0	0	0	0	0	0	0	0	0	0	0	0	0	0	0	0	0	0	0	0	0	0	0	0	0	0	0	0	0	0	0	0	0	0	0	0	0	0	0	0	0	0	0	0	0	0	0	0	0	0	0	0	0	0	0	0	0	0	0	0	0	0	0	0	0	0	0	0	0	0	0	0	0	0	0	0	0	0	0	0	0	0	0	0	0	0	0	0	0	0	0	0	0	0	0	0	0	0	0	0	0	0	0	0	0	0	0	0	0	0	0	0	0	0	0	0	0	0	0	0	0	0	0	0	0	0	0	0	0	0	0	0	0	0	0	0	0	0	0	0	0	0	0	0	0	0	0	0	0	0	0	0	0	0	0	0	0	0	0	0	0	0	0	0	0	0	0	0	0	0	0	0	0	0	0	0	0	0	0	0	0	0	0	0	0	0	0	0	0	0	0	0	0	0	0	0	0	0	0	0	0	0	0	0	0	0	0	0	0	0	0	0	0	0	0	0	0	0	0	0	0	0	0	0	0	0	0	0	0	0	0	0	0	0	0	0	0	0	0	0	0	0	0	0	0	0	0	0	0	0	0	0	0	0	0	0	0	0	0	0	0	0	0	0	0	0	0	0	0	0	0	0	0	0	0	0	0	0	0	0	0	0	0	0	0	0	0	0	0	0	0	0	0	0	0	0	0	0	0	0	0	0	0	0	0	0	0	0	0	0	0	0	0	0	0	0	0	0	0	0	0	0	0	0	0	0	0	0	0	0	0	0	0	0	0	0	0	0	0	0	0	0	0	0	0	0	0	0	0	0	0	0	0	0	0	0	0	0	0	0	0	0	0	0	0	0	0	0	0	0	0	0	0	0	0	0	0	0	0	0	0	0	0	0	0	0	0	0	0	0	0	0	0	0	0	0	0	0	0	0	0	0	0	0	0	0	0	0	0	0	0	0	0	0	0	0	0	0	0	0	0	0	0	0	0	0	0	0	0	0	0	0	0	0	0	0	0	0	0	0	0	0	0	0	0	0	0	0	0	0	0	0	0	0	0	0	0	0	0	0	0	0	0	0	0	0	0	0	0	0	0	0	0	0	0	0	0	0	0	0	0	0	0	0	0	0	0	0	0	0	0	0	0	0	0	0	0	0	0	0	0	0	0	0	0	0	0	0	0	0	0	0	0	0	0	0	0	0	0	0	0	0	0	0	0	0	0	0	0	0	0	0	0	0	0	0	0	0	0	0	0	0	0	0	0	0	0	0	0	0	0	0	0	0	0	0	0	0	0	0	0	0	0	0	0	0	0	0	0	0	0	0	0	0	0	0	0	0	0	0	0	0	0	0	0	0	0	0	0	0	0	0	0	0	0	0	0	0	0	0	0	0	0	0	0	0	0	0	0	0	0	0	0	0	0	0	0	0	0	0	0	0	0	0	0	0	0	0	0	0	0	0	0	0	0	0	0	0	0	0	0	0	0	0	0	0	0	0	0	0	0	0	0	0	0	0	0	0	0	0	0	0	0	0	0	0	0	0	0	0	0	0	0	0	0	0	0	0	0	0	0	0	0	0	0	0	0	0	0	0	0	0	0	0	0	0	0	0	0	0	0	0	0	0	0	0	0	0	0	0	0	0	0	0	0	0	0	0	0	0	0	0	0	0	0	0	0	0	0	0	0	0	0	0	0	0	0	0	0	0	0	0	0	0	0	0	0	0	0	0	0	0	0	0	0	0	0	0	0	0	0	0	0	0	0	0	0	0	0	0	0	0	0	0	0	0	0	0	0	0	0	0	0	0	0	0	0	0	0	0	0	0	0	0	0	0	0	0	0	0	0	0	0	0	0	0	0	51904	
Quartiles of the geodesic distribution.
Note: Quartiles equal to the number of nodes refer to infinite geodesics.
5	6	7	2000	
Triad Census:
300	59
210	49
120C	24
120D	45
120U	38
201	263
111D	3087
111U	3259
030T	107
030C	8
102	1157580
021D	8580
021C	18370
021U	8281
012	12064430
003	-113585945
