continuousAttribute
-0.522811
0.190065
2.390872
-0.143490
-1.356077
-0.785081
-0.925424
0.686240
-0.914074
1.012707
-0.015836
-0.541583
-0.734002
-0.685969
-1.186245
-0.398026
0.039821
-0.036938
1.707818
2.742546
-0.862444
1.883522
0.499688
-0.027760
0.090749
1.446475
-1.720409
0.137742
-0.509499
-0.700521
-1.017378
1.477794
1.198003
-1.550121
0.916373
1.401494
0.815470
0.727957
-0.855574
1.567625
0.766054
-0.395087
-0.436150
0.090412
0.332877
0.837099
-0.285301
-0.687407
-1.154334
0.277306
-1.159255
-0.022379
-0.633297
0.762227
-0.484385
0.873615
0.627338
-1.938094
1.394758
0.033146
0.969691
-0.979542
-0.754391
0.096842
-0.987487
-0.284047
1.208577
0.768401
0.599472
-0.051814
-1.187285
0.469453
1.486096
-1.592950
1.594633
0.393387
1.783132
-0.963085
0.069067
1.178371
-1.136698
-0.280370
0.230431
1.058134
1.316714
0.864066
0.969108
-0.962108
-0.661122
-0.770846
0.703860
-0.911963
0.679790
-2.512905
-0.398241
-0.863165
0.453846
-1.318186
0.276501
0.019534
-0.791284
0.259319
-0.058852
-0.462118
-1.029137
0.781043
1.082658
-0.613726
0.880162
-0.990654
-1.837998
1.457779
0.823686
-1.039194
0.472786
-0.165415
-0.561148
-1.180713
0.352241
-0.458655
1.290398
-1.110713
0.638907
-0.915282
1.251213
-1.052840
-0.641776
1.112430
-0.144990
-0.520406
-1.400588
-1.121711
-1.067188
-0.831879
-0.053457
-0.250404
2.196097
-0.271260
-0.870637
0.335839
0.731168
-0.218127
1.175424
0.176083
0.450033
-0.281440
-0.306725
-0.390640
-0.561034
-1.017751
2.044250
-1.508403
1.010013
0.641841
-0.506577
1.949496
0.524054
1.267016
0.930700
2.042117
0.121977
-0.347351
-0.493036
0.078575
-0.152076
1.399243
-0.477944
0.115619
-0.182117
0.266274
-1.252382
-0.676696
0.157949
1.797031
-0.582673
-1.365571
-1.415537
-0.453884
0.021833
-0.023394
-0.681862
-0.805302
1.289984
0.109322
1.035841
0.876564
-0.960799
-1.009896
0.264418
0.929777
1.809835
-0.048009
1.044350
0.143901
-0.229766
0.278601
-1.306918
-1.107607
-0.733343
-0.865347
0.907344
1.519545
0.676264
0.554471
0.292720
1.551354
0.194853
-1.358950
0.468482
1.426172
-0.364655
0.013043
0.619126
1.310079
0.423880
-1.419218
2.059127
-0.037840
0.021073
-0.132706
-0.996633
-0.992471
-0.744076
0.644602
1.113433
-0.552677
-0.377086
0.507381
0.257717
0.442685
0.543607
1.435085
0.247627
1.319059
0.285458
0.746836
-0.831636
2.621002
0.919856
1.219574
-1.112610
0.884180
-0.154496
-0.794725
1.105403
1.149618
-1.128660
-0.547994
-0.133180
-1.369244
1.157051
-0.144741
2.132967
-1.529153
0.780501
-1.566098
0.316616
1.126515
-1.284628
1.038590
-0.412269
0.161437
0.433553
-1.102648
-1.778016
-0.494541
1.300561
0.210974
-1.818938
-0.734199
-1.032702
0.677330
-0.032545
2.022492
0.338968
-2.702599
-0.597394
-0.665388
-1.175459
-1.289882
0.040656
-0.643144
0.191096
-0.775210
0.164116
0.076249
0.229839
0.588618
-1.158894
0.821352
1.196376
-0.767518
-0.033531
-1.416323
0.309852
-0.807151
-0.308737
-0.151288
-1.132334
0.239017
-0.049981
0.036667
-0.530475
-0.963899
-0.693379
-1.598795
-0.304686
0.436200
-0.224251
-1.651618
0.152532
0.372221
0.460633
0.919275
-1.929603
-0.379719
-1.552012
0.019625
1.060886
0.777163
0.613646
-0.765731
1.885680
0.912618
-0.312834
0.339994
-1.789068
0.000901
1.204148
0.130799
-0.694536
0.733499
1.093817
1.634512
-2.021558
-1.701906
0.025909
0.911190
2.284404
-0.850453
0.934533
-0.089878
0.097887
-0.721082
1.370203
-1.508240
-1.046215
0.124323
-0.773111
0.444003
1.048491
-0.516276
-0.812719
-1.485626
1.035514
1.509034
-1.129802
0.197256
-0.903175
1.434935
1.043707
-0.263117
1.297423
-0.716896
0.576933
-0.545063
-0.557030
0.535870
0.121510
1.200897
0.054374
-0.204607
-1.240980
1.047323
-0.032194
-0.980192
-1.834430
-0.384410
-0.157918
0.788291
-0.100553
0.354284
0.485193
-0.259159
1.701739
-0.074110
0.806240
1.346765
1.181132
1.277039
1.365813
-2.177523
0.189586
1.598611
-0.689962
0.196391
-0.556688
0.440549
0.530315
-0.573185
-0.023511
0.331147
-0.225400
0.680000
0.549483
3.165848
-0.309387
0.457161
0.716576
-0.970824
0.394948
-0.688804
-1.117300
-1.356512
1.812542
0.128285
-0.417149
-1.067979
-0.356345
0.487171
-0.655125
-1.348838
-0.164184
-0.061824
-0.201131
0.727890
-0.396041
-0.110274
-0.038921
0.243923
0.055750
0.960344
-0.539092
0.685351
0.116209
0.602801
1.980590
1.452606
0.359658
1.077318
0.496857
2.201193
0.484173
-0.049992
-0.246269
-0.155622
0.085902
0.537144
0.338586
-0.368542
0.215210
-0.159881
0.283275
-0.283029
0.039733
0.249059
-0.726248
1.445097
-0.059287
0.038153
-0.254043
0.355785
0.554607
-0.567783
0.512134
-1.140001
-1.413120
-0.105590
0.909193
1.917005
-0.558509
0.953629
-0.320088
-2.508551
-0.574705
1.066373
-0.353213
0.578207
0.777849
0.467925
1.741636
0.141977
2.116675
0.809606
-1.032586
-0.646984
-1.933373
-0.235682
0.691298
1.195679
1.111142
-1.123858
-0.904188
-0.567060
0.531173
2.319118
0.245954
0.583513
0.948361
-0.533119
-0.251004
1.365493
-0.163200
-0.010898
1.015879
-1.395648
0.385809
-0.309202
-0.187127
1.391609
-0.523081
1.313480
-0.428143
-0.935223
-0.357752
1.098734
0.092824
-0.122528
0.392385
-0.263167
2.043773
0.886944
0.273985
-0.020459
2.297106
-1.402823
1.340872
-1.472013
0.677334
1.987699
-1.836053
-0.883297
-2.110298
0.156504
0.034059
-0.001711
0.359258
-0.365765
0.158663
-0.469112
-0.360222
-0.690099
-0.718283
0.237050
-0.621927
0.489504
-0.422541
0.505159
1.232797
0.246800
-0.562722
-0.038253
1.231302
-1.408853
0.243794
0.930103
-0.458491
-2.531670
0.793496
2.135485
-0.764644
0.749861
1.301205
0.457419
-0.140976
1.517868
-0.370400
-0.738693
-1.651460
0.951713
1.084348
-0.436457
0.766890
0.741842
0.390540
0.398996
-0.065301
-0.581783
0.538876
-2.324199
-0.006565
-1.761742
-0.726331
0.575857
-0.790710
0.827447
-0.297587
-0.353478
0.270556
0.038300
-1.316063
0.313286
0.119205
0.167550
0.681098
0.809790
-0.636249
-0.091183
0.091387
0.822939
1.059457
-0.891892
-0.690478
-0.765034
0.435264
0.244683
2.116911
1.054893
1.993016
2.093047
1.753973
1.122623
-0.900358
-0.752528
0.320204
1.702729
0.848676
0.914256
-0.491879
-0.549675
-1.077033
1.601040
1.665708
-0.691430
0.154942
0.562645
-0.569879
1.386874
-0.346535
-2.044776
0.164085
-0.472633
0.902270
0.393957
0.517000
-0.277488
-0.389917
0.157988
-1.506358
-0.820163
-0.990942
-1.354894
0.445901
-0.660594
1.858378
0.461837
-0.178017
1.199370
0.652870
1.299108
-0.251133
0.994002
-1.135772
-0.291211
0.424312
-0.094006
-0.568917
0.772559
0.167541
-0.467638
-0.319522
-0.083645
-0.094013
0.799268
-0.234239
-0.959214
2.607072
2.174851
2.275762
-0.008924
0.173078
0.106803
-2.290112
0.185516
-0.299387
1.377690
-0.031034
0.666731
-1.355375
-1.069281
-1.406332
-0.055575
-0.140869
1.274289
-1.105979
-0.650699
1.569384
0.451859
0.493155
-0.204457
0.078005
-0.578011
1.372601
0.658653
0.671658
-0.850436
0.454204
-1.161169
-0.058998
0.117764
0.889640
0.209994
1.000119
0.013498
0.858593
1.043434
1.102880
-0.512341
-1.474164
0.021345
-0.415597
1.146771
-0.690068
1.447032
0.019592
0.677817
-1.077450
-0.873220
-1.730531
0.958447
-0.466134
0.098249
-0.901700
0.340679
-1.090560
0.932472
0.013516
0.822576
-0.108956
-0.860364
-0.907977
-0.762105
-1.180064
-2.000364
0.169180
-0.914755
0.496711
-1.397752
-0.775445
0.070314
0.736514
1.468663
-2.248906
-0.295468
0.430687
-0.297877
-1.080885
1.183691
2.160603
0.210675
-0.914305
-1.331563
-1.520847
0.057831
0.420854
0.452688
-0.330997
0.366523
0.409098
-0.645974
-1.050050
-0.182763
-2.100294
3.590505
-0.011398
0.865798
-0.486690
0.155753
-0.881143
0.329217
-1.828823
0.476890
1.481755
0.047114
0.536835
-1.510231
2.312471
-0.120340
-0.006889
-1.104965
0.557616
0.022017
-0.794207
1.222193
0.142684
-2.513457
-2.494672
-0.244594
2.331593
-1.385082
-0.672750
0.086783
0.053768
-2.761559
0.323096
0.642735
-0.835057
-0.871785
2.486051
-1.607671
0.491700
0.926579
-1.140320
-0.553587
1.902215
1.637774
-0.056842
0.471053
0.702637
0.203965
-0.335361
-0.957574
0.825096
-1.507086
1.463644
-1.927836
0.148210
0.726808
1.891735
-2.828899
-0.840271
0.346518
-1.648354
0.556354
-0.530080
-0.545195
0.747774
0.555850
-1.827517
0.944408
-0.326233
0.497174
-0.236443
0.719756
-0.171334
-0.469837
1.265268
0.466228
0.599152
-1.823027
0.082949
0.146616
-0.145357
0.332434
-0.392204
-0.108149
-0.391097
-0.000974
-0.447418
0.788403
-0.064227
0.600505
-0.553849
1.054391
0.742943
1.623140
-0.271667
-0.100920
-0.419451
0.895075
-0.070504
0.994693
-0.763767
-0.786973
0.880215
-0.638410
0.249953
-1.218001
-0.244038
1.375226
-0.708163
-1.166135
0.269854
2.220668
0.197509
1.700751
0.133678
0.401769
0.027153
-0.300401
-0.429293
-2.040143
-0.887862
-1.459340
-0.586757
-0.457297
-0.371005
1.227371
0.400248
2.115067
-1.569361
-0.670082
1.018951
0.353318
0.365137
-0.195679
-0.891018
1.452745
-0.126582
1.357992
0.601970
-0.072731
-1.063332
0.237279
0.149099
-0.204985
-1.176982
2.027921
-1.170926
-1.426558
-1.098768
-1.305879
-0.223145
0.379114
-1.667175
-0.598811
-0.583593
0.870067
-0.470712
-0.790405
0.296581
0.863007
-1.547361
0.167283
1.068467
-0.755892
-1.335639
-1.318970
1.452231
-0.350980
2.318031
-1.666364
-0.503143
1.016867
-1.512648
-1.261583
-1.355785
-1.454961
0.898218
-0.034403
-1.234558
-0.300874
0.015491
-0.299076
0.852041
0.070826
0.244918
-0.412905
-0.371363
0.022820
-0.387421
2.061056
-1.233310
-1.940442
1.322300
-0.595179
0.219576
-0.491453
0.545911
-0.032255
0.102747
-0.324018
-0.343675
-0.840156
-1.283556
-1.299360
0.098949
0.849842
0.486318
3.013645
-0.348854
0.340214
-0.734062
0.770029
-0.106993
-1.405192
-1.395810
0.507120
0.133611
-2.161694
-1.323419
0.937719
-1.160858
3.635024
1.758167
-2.226016
2.126942
-1.135838
0.392140
-0.482489
-0.227466
-0.014669
-1.351790
-0.855329
0.105933
-1.591088
0.895740
0.993022
0.450277
-0.207789
0.504344
0.328571
0.203210
0.818210
1.193606
-0.351745
-1.007302
-0.795545
1.630497
-0.036460
-0.778466
-0.772333
1.605623
1.284621
1.243323
-0.656942
0.653165
0.948449
1.794805
0.318460
-0.553506
-0.025314
0.268011
0.565238
-1.120452
0.964763
0.342424
1.923866
0.282604
-0.637823
0.392087
-0.541725
-0.015334
-0.574704
1.426632
-0.382389
0.368241
-0.389759
0.258798
1.206806
0.653516
0.501498
0.267799
1.335998
-0.444055
-0.372779
0.362326
-0.911197
1.347771
1.345377
0.198279
-1.245973
0.239633
-0.396498
0.415269
-0.384919
-1.044642
0.757092
0.967771
-0.092520
-0.244516
-1.202614
0.877179
-1.369970
1.178027
-1.076885
-0.468931
-0.689838
0.116482
-1.112187
1.967178
-2.002680
-1.318697
0.025997
-0.347861
0.471039
-0.631488
0.963801
2.336869
0.046053
-1.187441
0.000700
0.537576
0.554087
-0.559440
0.750089
0.429022
0.538425
1.076848
0.139461
0.639204
0.029569
-1.098741
1.245263
-1.372572
-1.029864
-0.767806
0.461252
-0.588730
1.139257
0.420261
-0.822202
-0.050962
0.198952
0.336641
-1.207590
0.278391
-0.698982
1.178225
-0.847361
-0.923846
0.396238
-0.571690
0.584292
0.238941
0.120619
0.720699
0.710642
1.191383
0.180727
-1.700576
2.038377
0.560186
-0.112136
1.698707
-0.803315
-0.166753
-0.600250
0.528740
-0.669514
1.500093
-2.188220
0.677598
-1.471625
0.100160
1.178588
0.562409
0.370049
0.124590
-1.681371
1.053772
-0.629804
1.035308
1.843381
-0.535254
0.723094
1.910448
-1.116274
-0.224575
0.504388
1.303948
0.254410
0.462043
-1.069810
1.400616
0.742056
-0.266762
-0.962064
1.467481
1.098204
-0.720342
-1.603766
-1.755133
0.763663
-0.443480
0.829873
-1.765302
-0.920302
0.304673
0.305296
-0.516936
-0.580349
-0.808244
0.905109
0.227738
-0.974912
-0.276524
-0.684018
2.340798
-1.618679
-1.263414
1.682874
-1.235859
0.633315
-1.574044
0.599745
-0.574220
2.381186
-0.245170
-0.302568
2.838945
-0.324896
0.959708
-0.264773
0.232984
-0.192053
-0.788698
0.375726
-2.557593
0.173658
-0.325142
0.049824
0.164979
-1.329322
0.880863
0.186806
-0.150096
0.542750
-0.097625
0.148752
-0.040686
-1.607163
1.922773
-1.379153
-0.265825
0.623515
-0.559797
1.776552
0.130447
-1.473129
-2.922608
1.135979
-0.575452
-1.925776
-0.981136
1.007886
0.816919
-1.141035
0.251331
-0.231257
0.163674
-1.131539
0.299096
1.346992
1.072356
0.199974
1.334802
0.433257
-1.337440
-0.631754
0.708234
1.311573
1.906236
1.947147
-0.218529
0.250314
1.095672
-0.436821
-0.315894
-0.150527
-0.156995
-0.733780
0.361419
-0.808836
0.004202
-1.244915
-0.105108
-0.284571
-2.363459
1.390037
-1.104851
0.841954
-0.990705
0.964142
-1.713341
0.159852
3.252859
0.283904
1.239740
1.073215
-0.238412
0.987790
0.053872
2.020109
-0.905350
-0.370880
0.301837
0.863405
-0.759676
0.271475
-0.563028
-0.264442
-0.320973
0.178458
-1.121462
-0.997864
0.490616
1.272636
0.588651
0.209371
1.680573
-1.268105
-0.461397
-1.625653
-1.230721
-1.574974
-0.529062
-0.499983
2.181546
-0.763947
0.857240
-0.442734
-0.261536
-1.604945
-0.201695
0.004126
-1.262244
-0.807127
1.260488
0.402934
0.481211
2.722437
0.757990
0.473746
0.067922
-0.218371
1.417113
0.974122
2.143057
-0.855883
0.956368
-0.257870
-1.149164
1.005987
0.842845
-1.046605
0.047413
0.624122
-0.123813
0.388852
0.196933
-0.338263
0.032285
-1.609063
-1.142181
-1.120237
0.645018
-0.885165
0.292133
-0.559390
-0.596103
-1.092784
1.474278
0.906579
0.164681
0.189239
-1.106230
-0.857959
0.069031
0.049242
-0.537151
1.385136
-0.355853
1.320878
-1.157172
-0.666769
-0.612101
-0.137237
-0.068078
-1.293394
0.737133
0.493692
-0.311332
0.775778
-2.337763
0.532842
-0.412719
0.704423
0.370551
-0.500817
-1.422726
-0.501239
-2.008088
-1.143229
0.407603
0.965705
0.700341
-2.113572
0.513054
0.804506
-0.289377
-0.913733
1.077895
-1.791593
-1.289506
-1.255391
0.858256
-0.462093
0.230143
-1.023601
0.167254
-0.204807
-0.450057
-0.927510
1.518878
-0.784707
-0.761557
-0.936424
-0.030963
0.854548
2.255117
-0.097430
0.952368
-0.216433
3.372038
-0.807858
0.638446
1.313302
-0.590881
0.631510
-0.585919
-0.718903
-0.786792
-1.559592
-0.781103
-0.223413
-1.109792
-0.500034
2.276053
0.934034
0.444582
0.649227
1.364783
1.170121
2.108134
-1.094091
1.336162
0.552578
0.039521
-1.311875
-0.292357
1.425356
-0.630472
0.545848
-0.722233
1.301533
-0.481379
0.732166
0.843413
-0.458083
-0.582560
-1.001554
1.923440
-0.034040
-1.063338
0.283207
0.878981
0.341051
0.350845
1.389287
-0.538228
0.289908
-0.538360
0.445564
-0.261952
-0.166507
1.445263
0.765830
-0.265848
-0.549696
0.772712
-0.616792
0.548909
0.168351
-0.030554
-1.573306
0.338799
-0.102576
0.825895
-1.249649
-0.351667
0.285820
-0.941457
0.738945
-0.828245
0.586219
0.945018
-0.186957
-0.697681
-1.351866
-1.495545
-2.386519
-1.168901
0.560927
1.624883
1.092118
0.076848
-0.477725
0.226097
0.824973
-0.237181
1.494157
1.525670
-0.383245
0.421036
-0.335295
-1.559538
0.376149
0.405459
-0.299496
0.450090
-1.083710
-0.449078
0.616052
-1.144550
-1.121882
0.477487
0.118527
0.046507
0.211833
-0.969279
0.909614
-0.243609
-0.006774
-1.449829
-0.879096
0.741236
1.313180
-0.424768
-1.573769
1.618041
-1.333068
-1.430250
1.720610
-1.475144
-1.790103
-1.179775
0.319420
0.646281
0.571161
-1.438661
0.057588
0.259231
0.645153
-0.780191
-0.576106
0.718022
0.495988
0.961246
0.775656
-0.321465
0.597032
0.962736
0.165045
-0.754932
1.275961
-1.061944
1.802802
0.837786
0.137196
0.385547
0.885529
0.178096
2.270297
-0.112740
0.354440
1.969782
0.143314
0.405494
-0.393957
-0.211620
0.491802
-1.291106
0.942884
1.160378
0.773322
0.243708
-1.524407
-0.784016
0.822747
-1.770656
0.269171
2.507947
0.277578
-1.191212
-1.262699
1.163269
0.521855
0.402615
0.854649
0.173432
-0.365086
0.537541
-0.406703
-1.036340
-1.263928
-0.532013
-0.811495
0.729211
0.392880
1.638016
-1.076334
0.195029
0.711144
-0.227693
0.548074
0.505270
0.915195
-0.692958
3.240832
0.045623
-0.461148
0.217734
1.652063
1.342509
2.038299
-1.470453
0.910396
-1.100138
-0.552034
-1.294707
-0.767308
-0.859273
-0.943422
-0.980751
-0.926094
0.244097
-1.650502
1.047153
1.477939
0.176371
-0.130140
-1.178810
0.659713
-0.055423
0.480487
1.359652
-1.190595
1.503677
-0.646821
0.634289
-0.900679
-0.371456
-1.177003
-0.810769
-0.436815
0.460308
0.685194
1.190058
1.452300
1.264792
1.787021
-0.686000
-1.428613
2.128980
-0.335660
0.806582
0.257807
0.846798
-0.730499
0.017069
0.409845
0.242146
-1.003406
-0.484298
0.161643
1.022050
-2.478182
-0.537749
-0.995279
-0.220715
1.756992
0.284269
0.237736
-1.203696
0.010357
1.148233
0.077364
0.190697
-0.641050
-0.677398
0.464762
0.547019
1.193812
0.499438
0.701767
-0.592198
-0.054546
-1.191827
0.070986
0.818114
1.526558
0.066803
-0.860007
-1.064551
2.296973
-0.323064
0.484541
0.375467
-0.919393
0.007793
0.765105
-0.254715
0.196759
0.040866
0.775771
-0.911862
-1.611413
-0.925564
-1.084153
0.125318
1.519029
0.136720
-1.564408
-1.833685
-1.974881
-0.095885
1.943831
-0.153272
-2.149477
-0.904313
0.791844
-0.544215
2.165161
1.480907
0.940031
-1.189940
0.764583
-0.248531
0.652896
0.519701
0.821465
1.422982
-0.728674
-1.491747
0.155473
-0.052335
0.192450
0.253221
0.296691
-1.934225
1.034150
1.856217
1.433032
0.225267
0.303863
-1.041390
-0.444535
0.206875
-0.957126
-0.028696
1.672947
0.996560
-0.445556
-1.544790
-0.021035
-1.763830
-0.321704
-0.076368
0.674592
0.935310
-0.464656
0.222004
2.049802
-0.970424
0.211065
0.549052
-1.180556
0.257911
-1.803628
-0.414871
-0.262388
1.665514
-0.064545
-1.057566
-0.329024
1.737522
0.321656
0.227317
-0.397412
-0.653382
-0.625674
2.122189
-0.201647
0.716481
-0.673907
0.343054
1.310411
-0.499235
-1.220811
0.935039
-1.597117
0.679746
-0.647690
-0.636540
-0.983922
0.214795
-1.503701
0.261493
1.801466
-0.731450
0.397637
-1.765372
1.170339
0.192209
0.187024
-2.105913
1.065603
-1.066452
0.188193
-0.137134
1.029406
1.915480
1.471015
-1.863846
-0.375899
-2.031418
-2.028300
-0.380450
-0.176507
-1.200380
0.527069
0.491606
-0.339830
0.435644
-1.107129
0.574254
0.316411
-0.392790
-1.608300
0.197413
0.753827
0.933248
-0.492645
0.319260
-0.186743
0.608248
0.425081
1.199679
0.230980
-1.481921
-0.618361
-1.454957
-0.574635
-0.790920
-0.017961
-1.036659
-0.203270
-0.067699
-0.634201
0.231150
-1.921607
1.112123
0.942108
-0.572897
-0.413221
-0.741390
0.656610
0.263313
-1.696691
0.995369
-0.694973
0.534910
0.564574
-2.022502
0.937390
0.120592
-1.490780
0.467042
-0.030783
0.732469
-0.449742
0.677315
-1.065606
-0.208065
1.536989
-1.302807
0.027206
-0.506475
-0.531347
-1.160087
1.250923
0.435060
1.451642
0.413467
-0.962636
0.352602
-0.250830
-0.306263
-1.347858
1.143310
0.759841
-0.119976
-1.702313
0.683993
0.962381
-2.349883
0.310773
-1.068642
0.189195
0.688164
-1.199420
0.330383
-0.124520
0.387443
-0.451443
0.896839
-1.613565
0.253911
0.832878
-0.530256
-0.860038
-0.068683
-0.878295
-0.515397
0.855819
-0.697852
1.338120
0.247348
-0.618861
-0.546887
0.563724
1.046342
0.543274
-1.081757
-0.108263
0.568873
-0.192599
0.469116
-1.025157
0.496759
1.686499
0.235613
-1.499300
0.823231
-0.528784
-0.004726
-0.516056
1.313618
-0.063541
1.026783
-0.360927
0.308628
0.968745
-0.452920
-0.636499
-0.157245
0.443428
1.415021
-2.227442
-1.033236
-0.701512
0.493717
0.472312
-0.878710
0.020049
0.418028
0.729479
0.545837
0.216260
-1.226535
-0.397560
-0.197965
-0.211651
0.285913
1.155518
-0.622928
0.655996
-0.083282
-0.046616
-1.984579
-1.139963
2.338092
-0.683362
0.697870
1.081469
-0.163133
0.769520
-0.335758
-0.136807
-0.534933
-0.389687
-0.020909
-0.608939
0.223889
-1.070987
-1.557627
-1.066051
0.723735
-0.318322
0.451191
-0.287347
0.257717
-0.483238
-1.150278
1.199077
1.350920
1.380892
-0.976395
-0.700639
1.825660
-0.392542
-0.735104
1.609108
0.781356
-0.386424
-0.556737
0.028114
-0.913132
-0.281152
