*vertices 2000
1
2
3
4
5
6
7
8
9
10
11
12
13
14
15
16
17
18
19
20
21
22
23
24
25
26
27
28
29
30
31
32
33
34
35
36
37
38
39
40
41
42
43
44
45
46
47
48
49
50
51
52
53
54
55
56
57
58
59
60
61
62
63
64
65
66
67
68
69
70
71
72
73
74
75
76
77
78
79
80
81
82
83
84
85
86
87
88
89
90
91
92
93
94
95
96
97
98
99
100
101
102
103
104
105
106
107
108
109
110
111
112
113
114
115
116
117
118
119
120
121
122
123
124
125
126
127
128
129
130
131
132
133
134
135
136
137
138
139
140
141
142
143
144
145
146
147
148
149
150
151
152
153
154
155
156
157
158
159
160
161
162
163
164
165
166
167
168
169
170
171
172
173
174
175
176
177
178
179
180
181
182
183
184
185
186
187
188
189
190
191
192
193
194
195
196
197
198
199
200
201
202
203
204
205
206
207
208
209
210
211
212
213
214
215
216
217
218
219
220
221
222
223
224
225
226
227
228
229
230
231
232
233
234
235
236
237
238
239
240
241
242
243
244
245
246
247
248
249
250
251
252
253
254
255
256
257
258
259
260
261
262
263
264
265
266
267
268
269
270
271
272
273
274
275
276
277
278
279
280
281
282
283
284
285
286
287
288
289
290
291
292
293
294
295
296
297
298
299
300
301
302
303
304
305
306
307
308
309
310
311
312
313
314
315
316
317
318
319
320
321
322
323
324
325
326
327
328
329
330
331
332
333
334
335
336
337
338
339
340
341
342
343
344
345
346
347
348
349
350
351
352
353
354
355
356
357
358
359
360
361
362
363
364
365
366
367
368
369
370
371
372
373
374
375
376
377
378
379
380
381
382
383
384
385
386
387
388
389
390
391
392
393
394
395
396
397
398
399
400
401
402
403
404
405
406
407
408
409
410
411
412
413
414
415
416
417
418
419
420
421
422
423
424
425
426
427
428
429
430
431
432
433
434
435
436
437
438
439
440
441
442
443
444
445
446
447
448
449
450
451
452
453
454
455
456
457
458
459
460
461
462
463
464
465
466
467
468
469
470
471
472
473
474
475
476
477
478
479
480
481
482
483
484
485
486
487
488
489
490
491
492
493
494
495
496
497
498
499
500
501
502
503
504
505
506
507
508
509
510
511
512
513
514
515
516
517
518
519
520
521
522
523
524
525
526
527
528
529
530
531
532
533
534
535
536
537
538
539
540
541
542
543
544
545
546
547
548
549
550
551
552
553
554
555
556
557
558
559
560
561
562
563
564
565
566
567
568
569
570
571
572
573
574
575
576
577
578
579
580
581
582
583
584
585
586
587
588
589
590
591
592
593
594
595
596
597
598
599
600
601
602
603
604
605
606
607
608
609
610
611
612
613
614
615
616
617
618
619
620
621
622
623
624
625
626
627
628
629
630
631
632
633
634
635
636
637
638
639
640
641
642
643
644
645
646
647
648
649
650
651
652
653
654
655
656
657
658
659
660
661
662
663
664
665
666
667
668
669
670
671
672
673
674
675
676
677
678
679
680
681
682
683
684
685
686
687
688
689
690
691
692
693
694
695
696
697
698
699
700
701
702
703
704
705
706
707
708
709
710
711
712
713
714
715
716
717
718
719
720
721
722
723
724
725
726
727
728
729
730
731
732
733
734
735
736
737
738
739
740
741
742
743
744
745
746
747
748
749
750
751
752
753
754
755
756
757
758
759
760
761
762
763
764
765
766
767
768
769
770
771
772
773
774
775
776
777
778
779
780
781
782
783
784
785
786
787
788
789
790
791
792
793
794
795
796
797
798
799
800
801
802
803
804
805
806
807
808
809
810
811
812
813
814
815
816
817
818
819
820
821
822
823
824
825
826
827
828
829
830
831
832
833
834
835
836
837
838
839
840
841
842
843
844
845
846
847
848
849
850
851
852
853
854
855
856
857
858
859
860
861
862
863
864
865
866
867
868
869
870
871
872
873
874
875
876
877
878
879
880
881
882
883
884
885
886
887
888
889
890
891
892
893
894
895
896
897
898
899
900
901
902
903
904
905
906
907
908
909
910
911
912
913
914
915
916
917
918
919
920
921
922
923
924
925
926
927
928
929
930
931
932
933
934
935
936
937
938
939
940
941
942
943
944
945
946
947
948
949
950
951
952
953
954
955
956
957
958
959
960
961
962
963
964
965
966
967
968
969
970
971
972
973
974
975
976
977
978
979
980
981
982
983
984
985
986
987
988
989
990
991
992
993
994
995
996
997
998
999
1000
1001
1002
1003
1004
1005
1006
1007
1008
1009
1010
1011
1012
1013
1014
1015
1016
1017
1018
1019
1020
1021
1022
1023
1024
1025
1026
1027
1028
1029
1030
1031
1032
1033
1034
1035
1036
1037
1038
1039
1040
1041
1042
1043
1044
1045
1046
1047
1048
1049
1050
1051
1052
1053
1054
1055
1056
1057
1058
1059
1060
1061
1062
1063
1064
1065
1066
1067
1068
1069
1070
1071
1072
1073
1074
1075
1076
1077
1078
1079
1080
1081
1082
1083
1084
1085
1086
1087
1088
1089
1090
1091
1092
1093
1094
1095
1096
1097
1098
1099
1100
1101
1102
1103
1104
1105
1106
1107
1108
1109
1110
1111
1112
1113
1114
1115
1116
1117
1118
1119
1120
1121
1122
1123
1124
1125
1126
1127
1128
1129
1130
1131
1132
1133
1134
1135
1136
1137
1138
1139
1140
1141
1142
1143
1144
1145
1146
1147
1148
1149
1150
1151
1152
1153
1154
1155
1156
1157
1158
1159
1160
1161
1162
1163
1164
1165
1166
1167
1168
1169
1170
1171
1172
1173
1174
1175
1176
1177
1178
1179
1180
1181
1182
1183
1184
1185
1186
1187
1188
1189
1190
1191
1192
1193
1194
1195
1196
1197
1198
1199
1200
1201
1202
1203
1204
1205
1206
1207
1208
1209
1210
1211
1212
1213
1214
1215
1216
1217
1218
1219
1220
1221
1222
1223
1224
1225
1226
1227
1228
1229
1230
1231
1232
1233
1234
1235
1236
1237
1238
1239
1240
1241
1242
1243
1244
1245
1246
1247
1248
1249
1250
1251
1252
1253
1254
1255
1256
1257
1258
1259
1260
1261
1262
1263
1264
1265
1266
1267
1268
1269
1270
1271
1272
1273
1274
1275
1276
1277
1278
1279
1280
1281
1282
1283
1284
1285
1286
1287
1288
1289
1290
1291
1292
1293
1294
1295
1296
1297
1298
1299
1300
1301
1302
1303
1304
1305
1306
1307
1308
1309
1310
1311
1312
1313
1314
1315
1316
1317
1318
1319
1320
1321
1322
1323
1324
1325
1326
1327
1328
1329
1330
1331
1332
1333
1334
1335
1336
1337
1338
1339
1340
1341
1342
1343
1344
1345
1346
1347
1348
1349
1350
1351
1352
1353
1354
1355
1356
1357
1358
1359
1360
1361
1362
1363
1364
1365
1366
1367
1368
1369
1370
1371
1372
1373
1374
1375
1376
1377
1378
1379
1380
1381
1382
1383
1384
1385
1386
1387
1388
1389
1390
1391
1392
1393
1394
1395
1396
1397
1398
1399
1400
1401
1402
1403
1404
1405
1406
1407
1408
1409
1410
1411
1412
1413
1414
1415
1416
1417
1418
1419
1420
1421
1422
1423
1424
1425
1426
1427
1428
1429
1430
1431
1432
1433
1434
1435
1436
1437
1438
1439
1440
1441
1442
1443
1444
1445
1446
1447
1448
1449
1450
1451
1452
1453
1454
1455
1456
1457
1458
1459
1460
1461
1462
1463
1464
1465
1466
1467
1468
1469
1470
1471
1472
1473
1474
1475
1476
1477
1478
1479
1480
1481
1482
1483
1484
1485
1486
1487
1488
1489
1490
1491
1492
1493
1494
1495
1496
1497
1498
1499
1500
1501
1502
1503
1504
1505
1506
1507
1508
1509
1510
1511
1512
1513
1514
1515
1516
1517
1518
1519
1520
1521
1522
1523
1524
1525
1526
1527
1528
1529
1530
1531
1532
1533
1534
1535
1536
1537
1538
1539
1540
1541
1542
1543
1544
1545
1546
1547
1548
1549
1550
1551
1552
1553
1554
1555
1556
1557
1558
1559
1560
1561
1562
1563
1564
1565
1566
1567
1568
1569
1570
1571
1572
1573
1574
1575
1576
1577
1578
1579
1580
1581
1582
1583
1584
1585
1586
1587
1588
1589
1590
1591
1592
1593
1594
1595
1596
1597
1598
1599
1600
1601
1602
1603
1604
1605
1606
1607
1608
1609
1610
1611
1612
1613
1614
1615
1616
1617
1618
1619
1620
1621
1622
1623
1624
1625
1626
1627
1628
1629
1630
1631
1632
1633
1634
1635
1636
1637
1638
1639
1640
1641
1642
1643
1644
1645
1646
1647
1648
1649
1650
1651
1652
1653
1654
1655
1656
1657
1658
1659
1660
1661
1662
1663
1664
1665
1666
1667
1668
1669
1670
1671
1672
1673
1674
1675
1676
1677
1678
1679
1680
1681
1682
1683
1684
1685
1686
1687
1688
1689
1690
1691
1692
1693
1694
1695
1696
1697
1698
1699
1700
1701
1702
1703
1704
1705
1706
1707
1708
1709
1710
1711
1712
1713
1714
1715
1716
1717
1718
1719
1720
1721
1722
1723
1724
1725
1726
1727
1728
1729
1730
1731
1732
1733
1734
1735
1736
1737
1738
1739
1740
1741
1742
1743
1744
1745
1746
1747
1748
1749
1750
1751
1752
1753
1754
1755
1756
1757
1758
1759
1760
1761
1762
1763
1764
1765
1766
1767
1768
1769
1770
1771
1772
1773
1774
1775
1776
1777
1778
1779
1780
1781
1782
1783
1784
1785
1786
1787
1788
1789
1790
1791
1792
1793
1794
1795
1796
1797
1798
1799
1800
1801
1802
1803
1804
1805
1806
1807
1808
1809
1810
1811
1812
1813
1814
1815
1816
1817
1818
1819
1820
1821
1822
1823
1824
1825
1826
1827
1828
1829
1830
1831
1832
1833
1834
1835
1836
1837
1838
1839
1840
1841
1842
1843
1844
1845
1846
1847
1848
1849
1850
1851
1852
1853
1854
1855
1856
1857
1858
1859
1860
1861
1862
1863
1864
1865
1866
1867
1868
1869
1870
1871
1872
1873
1874
1875
1876
1877
1878
1879
1880
1881
1882
1883
1884
1885
1886
1887
1888
1889
1890
1891
1892
1893
1894
1895
1896
1897
1898
1899
1900
1901
1902
1903
1904
1905
1906
1907
1908
1909
1910
1911
1912
1913
1914
1915
1916
1917
1918
1919
1920
1921
1922
1923
1924
1925
1926
1927
1928
1929
1930
1931
1932
1933
1934
1935
1936
1937
1938
1939
1940
1941
1942
1943
1944
1945
1946
1947
1948
1949
1950
1951
1952
1953
1954
1955
1956
1957
1958
1959
1960
1961
1962
1963
1964
1965
1966
1967
1968
1969
1970
1971
1972
1973
1974
1975
1976
1977
1978
1979
1980
1981
1982
1983
1984
1985
1986
1987
1988
1989
1990
1991
1992
1993
1994
1995
1996
1997
1998
1999
2000
*arcs
1 990
1 1356
1 1738
2 1054
2 1589
3 400
3 1445
3 1697
3 1979
4 876
4 1539
4 1875
4 1932
5 565
5 1409
5 1785
6 907
6 1569
7 230
7 877
7 1445
7 1756
8 224
8 588
9 430
9 744
9 1155
9 1466
10 489
10 1026
11 399
11 574
11 1572
12 757
12 821
12 944
12 1398
13 271
13 1673
14 95
14 639
14 1337
14 1415
15 1905
15 1966
15 1980
16 1644
16 1934
16 1974
17 127
17 497
17 1019
17 1305
18 117
18 171
18 546
19 165
19 717
19 993
19 1273
20 176
20 443
20 840
20 937
21 1640
22 56
22 1446
23 926
23 1001
23 1166
23 1645
23 1850
24 548
24 550
24 1255
24 1696
24 1847
25 417
25 662
25 1108
26 206
26 461
27 1772
27 1917
28 336
28 1585
28 1687
28 1946
29 212
29 1083
29 1104
29 1985
30 644
30 1136
31 964
31 1476
31 1591
32 104
32 1387
32 1733
33 331
33 354
33 882
33 1495
33 1515
34 1118
34 1414
34 1575
34 1980
35 851
35 1778
36 312
36 314
36 647
37 34
37 243
37 338
37 1739
38 39
38 377
38 388
38 972
38 1840
39 38
39 53
40 656
40 950
40 1162
40 1333
41 229
41 350
41 492
41 1964
42 717
42 968
42 1574
42 1783
43 3
43 152
43 1841
44 1238
44 1957
45 535
45 700
45 1610
46 1574
46 1595
47 931
47 1566
47 1663
48 361
49 1075
49 1464
50 1045
50 1092
51 620
51 1922
52 500
52 1289
52 1583
52 1682
52 1690
52 1874
53 842
53 1524
54 72
54 771
54 938
54 947
55 1207
55 1547
55 1600
56 1365
57 144
57 363
57 505
57 1368
58 19
58 384
59 698
59 1072
59 1106
59 1740
59 1763
60 984
60 1558
60 1939
61 369
61 714
61 1038
61 1902
62 786
63 953
63 1031
63 1976
65 634
65 1434
66 459
66 1006
66 1090
66 1261
66 1294
67 135
67 259
67 764
67 1483
67 1994
68 124
68 314
68 1990
69 555
70 69
70 274
70 1810
71 1196
71 1559
72 324
72 441
72 1149
72 1469
73 730
73 1190
73 1473
73 1686
74 969
74 1831
74 1898
75 290
75 614
76 1030
76 1277
76 1780
77 421
77 1138
77 1272
77 1458
77 1474
77 1780
78 912
78 1587
78 1612
78 1905
79 510
79 1184
79 1936
80 50
80 819
80 998
80 1305
81 775
81 1073
81 1955
82 751
83 608
83 958
83 1194
83 1420
83 1645
84 1633
84 1663
85 73
85 1204
85 1401
86 533
87 416
87 1518
88 872
88 1311
88 1587
88 1799
89 408
89 1307
89 1841
90 9
90 34
90 188
90 967
90 1146
90 1196
91 656
91 1758
92 197
92 205
92 455
92 1185
92 1272
93 2000
94 508
94 519
95 657
95 880
95 990
96 288
96 555
96 1460
97 71
97 579
98 1306
98 1652
99 1147
99 1636
99 1659
100 1017
100 1075
101 326
101 1720
101 1890
102 393
102 418
102 1269
102 1930
103 830
103 1572
104 1361
105 827
106 1360
106 1652
107 116
107 234
108 48
108 296
108 1152
109 255
109 800
110 730
110 1174
110 1929
111 62
111 792
111 897
111 1347
111 1817
111 1969
112 1020
113 627
113 781
113 1443
114 748
114 811
114 1628
115 170
115 204
115 1742
116 577
116 661
116 1079
116 1098
117 74
117 243
117 1069
117 1546
118 779
118 1224
119 133
119 909
119 1176
120 269
120 1584
120 1637
121 441
121 934
122 501
122 600
122 837
122 1215
123 242
123 416
123 651
123 1826
124 104
124 1288
124 1470
125 1438
126 940
126 1212
126 1859
127 316
127 1938
127 1961
128 490
128 807
129 552
129 901
129 1103
129 1453
130 5
130 931
130 1062
130 1556
131 307
131 471
131 1138
131 1835
132 25
132 1726
133 545
133 1114
133 1343
133 1347
134 68
134 292
134 1049
134 1258
134 1727
135 974
135 1060
136 135
136 260
136 400
136 697
136 1171
137 167
137 1291
137 1710
138 162
138 1172
138 1438
139 247
139 1641
140 382
140 1934
141 61
141 225
141 1656
142 690
142 1580
143 614
143 877
143 1186
143 1242
143 1606
144 350
144 801
144 1245
145 311
145 1115
146 143
146 275
146 559
147 1323
147 1349
147 1403
148 467
148 817
148 1858
149 307
149 1292
149 1576
149 1784
149 1920
150 818
150 890
150 1549
150 1808
151 206
151 880
152 43
152 547
152 1232
152 1733
153 32
153 1156
154 925
154 1037
155 331
155 954
156 320
156 750
156 1928
157 761
158 770
158 784
158 838
158 1390
158 1795
159 518
159 1268
159 1369
159 1697
159 1780
160 1234
160 1598
160 1641
161 49
161 502
161 531
161 1434
162 1394
163 19
164 1459
164 1472
164 1681
164 1885
165 1276
165 1923
166 352
166 1019
167 369
167 422
167 862
167 1766
168 119
168 1069
168 1749
169 124
169 250
169 1452
170 115
170 146
170 857
170 1301
171 574
172 195
172 431
172 496
172 1051
173 390
173 1293
173 1720
174 390
174 850
174 981
175 246
175 1258
176 194
176 376
176 411
176 1371
177 554
177 1056
177 1911
177 1974
178 212
178 923
178 1096
178 1133
179 163
179 685
179 1131
179 1820
179 1913
180 1048
180 1498
180 1680
180 1884
181 1256
181 1791
182 216
182 459
182 1501
182 1997
183 264
183 654
183 727
183 1881
183 1887
184 172
184 282
184 582
184 1701
185 188
185 373
185 579
185 1184
185 1237
186 597
186 606
186 739
186 1471
186 1793
187 191
187 1525
187 1955
188 68
188 185
188 1805
188 1985
189 1205
189 1221
189 1356
190 1277
191 585
191 1107
192 924
192 1247
193 418
193 596
193 768
193 1341
194 672
195 491
195 850
195 1430
196 813
196 1357
197 443
197 1088
197 1217
198 954
198 1075
198 1709
199 231
199 1598
200 383
200 875
200 959
201 179
201 329
201 1603
202 362
203 38
203 537
204 923
205 30
205 1157
206 131
206 1230
206 1235
207 666
207 682
207 812
207 1654
208 442
208 1644
208 1731
209 291
209 618
209 1191
209 1768
210 549
210 825
210 1040
210 1154
210 1756
211 234
211 848
211 1232
211 1769
212 361
212 851
213 2
213 696
214 646
214 808
214 1277
214 1776
214 1801
215 245
215 1129
215 1482
216 1036
216 1672
217 332
217 646
217 742
217 1880
218 506
219 147
219 593
219 615
219 1888
219 1899
219 1957
220 212
220 373
220 798
220 999
221 208
221 997
221 1274
221 1475
222 226
222 553
222 564
222 613
222 857
223 446
223 474
223 1016
223 1411
223 1597
224 141
224 847
224 1766
224 1888
225 141
225 1839
225 1857
226 1028
226 1110
226 1281
227 114
227 1089
228 206
228 1952
229 301
229 894
229 1431
229 1696
230 635
230 658
230 1175
231 125
231 1103
231 1130
232 204
232 586
232 1705
232 1737
233 298
233 642
233 888
233 914
233 1289
233 1333
234 64
234 112
234 560
234 740
235 238
235 368
235 1090
235 1828
235 1936
236 701
236 898
236 1659
237 776
237 1569
237 1867
238 835
238 918
238 1016
239 119
239 485
239 980
239 1984
240 628
240 915
240 1079
240 1600
241 326
241 1113
241 1278
241 1671
241 1769
242 1703
242 1889
243 135
243 246
243 1712
243 1930
244 476
244 1132
244 1499
245 142
245 146
245 975
245 1448
246 858
246 948
246 1616
246 1982
247 978
247 1110
247 1731
248 336
248 636
248 851
248 1692
248 1972
249 225
249 757
249 898
249 911
249 1210
249 1327
249 1947
249 1964
250 169
250 1621
251 427
251 557
251 1840
252 582
252 1306
253 1197
253 1522
254 598
254 1084
254 1378
254 1523
255 503
255 743
255 807
255 814
255 989
255 1010
255 1049
256 574
256 1689
257 638
257 804
257 1639
258 229
258 816
258 1020
258 1032
258 1185
258 1514
259 321
259 885
260 420
260 1310
260 1419
260 1446
261 676
261 1123
262 599
262 1481
263 723
263 1348
263 1443
263 1676
263 1831
264 850
264 873
264 975
265 219
265 419
265 517
265 911
265 1917
266 273
266 521
266 1811
267 162
267 334
267 365
267 968
267 1079
268 285
268 441
268 995
268 1269
268 1353
269 27
269 721
270 1218
271 176
271 1371
272 99
272 1577
272 1928
273 504
273 973
274 242
274 1752
275 893
275 1511
275 1795
276 813
276 1254
276 1575
276 1712
276 1816
276 1857
277 548
277 675
277 685
277 753
277 1047
278 220
278 950
278 1392
278 1979
279 841
279 1412
279 1789
279 1936
280 810
280 859
280 1282
280 1292
281 32
281 66
281 908
281 1116
281 1541
282 1457
282 1502
283 366
283 1689
283 1937
284 14
284 107
284 1101
284 1424
285 390
285 856
285 1013
285 1384
285 1609
285 1789
286 256
286 1024
286 1822
287 322
287 1429
287 1844
287 1912
288 540
288 988
288 1475
288 1736
289 520
289 1190
289 1210
289 1229
289 1357
289 1508
290 505
290 880
290 1434
291 209
291 279
291 824
291 1191
291 1599
292 311
292 699
292 1410
293 946
293 1446
294 65
294 117
294 734
294 1361
294 1682
295 51
295 763
295 778
295 1080
295 1086
295 1166
296 335
296 503
297 598
297 896
297 1056
297 1983
298 233
298 888
298 949
299 260
299 896
299 1576
300 182
300 347
300 1571
300 1933
301 563
301 1555
302 87
302 312
302 1032
302 1075
303 491
303 533
304 1694
304 1862
305 118
305 364
305 1414
306 243
306 423
306 504
306 713
306 1135
306 1352
306 1669
307 503
307 689
308 450
309 526
309 1126
309 1915
310 1842
310 1948
311 367
311 412
311 446
311 1679
312 798
312 809
312 1292
313 90
313 356
313 787
313 1501
314 91
314 907
314 970
314 1119
314 1199
315 83
315 741
316 226
316 748
316 787
316 1066
317 142
317 925
317 1880
318 602
318 1636
318 1794
319 221
319 1542
319 1625
319 1728
320 49
320 194
320 1270
321 951
321 1976
322 668
322 1417
323 112
323 744
323 904
324 357
324 672
325 348
325 487
325 1184
325 1938
326 259
326 324
326 330
326 1116
326 1174
327 521
327 1928
328 396
328 829
328 1191
329 118
329 982
329 1145
329 1400
329 1992
330 624
330 931
331 1136
331 1278
331 1787
332 1077
332 1284
332 1651
333 1716
333 1748
334 1689
334 1709
335 100
335 1369
335 1488
336 76
336 1292
336 1309
336 1417
337 972
337 1830
338 740
338 1311
339 1040
339 1396
339 1532
340 16
340 98
340 298
340 1023
340 1078
341 153
341 384
341 603
341 1051
342 1551
342 1802
343 534
343 1343
344 1239
344 1515
345 945
345 1750
346 636
346 1779
346 1997
347 154
347 300
347 1571
348 134
348 935
348 1704
349 266
349 386
349 1332
350 1083
350 1683
350 1954
351 891
351 1288
351 1595
352 308
352 1252
352 1854
353 575
353 605
353 1180
354 33
354 515
354 1613
354 1715
355 497
355 592
355 815
355 1486
356 1033
356 1821
357 497
357 553
357 1614
357 1823
358 846
358 1026
359 140
360 616
360 1126
360 1757
361 1686
362 542
362 880
362 1245
363 550
363 698
363 719
363 806
363 851
363 1324
364 570
364 1282
364 1990
365 665
365 742
365 1151
365 1362
366 78
366 1468
366 1528
367 568
367 601
368 759
368 1487
369 95
369 197
369 967
369 1034
370 631
370 891
371 398
371 672
371 1466
371 1667
372 968
372 1282
372 1368
373 480
374 288
374 569
374 1535
374 1674
375 1038
375 1263
375 1923
376 23
376 159
376 327
376 430
376 761
377 1169
377 1377
377 1810
377 1856
378 545
378 671
378 1377
379 467
379 879
379 1644
379 1996
380 108
380 1006
382 725
382 809
383 280
383 1106
383 1402
384 1621
384 1681
384 1721
385 1373
386 311
386 1067
386 1123
386 1134
386 1674
387 796
387 1246
387 1337
388 1150
388 1595
389 714
389 1236
389 1660
390 572
391 156
391 282
391 1027
391 1328
391 1588
392 203
392 1358
393 93
393 122
393 956
393 1081
393 1638
394 1068
394 1218
394 1425
395 758
395 1496
396 282
396 476
396 728
396 1141
396 1355
397 473
397 1656
398 460
398 1966
399 141
399 1192
399 1722
399 1800
400 253
400 1057
401 649
401 1591
401 1940
402 215
402 1037
402 1849
402 1987
403 396
403 397
403 1063
403 1215
403 1308
404 270
404 401
404 1350
405 651
405 1295
406 237
406 516
406 1377
407 900
407 949
408 128
408 1014
408 1377
409 469
409 555
409 930
409 1117
409 1249
409 1752
410 953
410 1745
410 1907
411 51
411 139
411 793
411 1735
411 1800
412 106
412 205
412 1176
412 1698
413 53
413 1887
414 181
414 888
415 117
415 1199
416 338
417 559
418 102
418 304
418 1302
419 25
419 71
419 834
419 1138
419 1179
419 1283
420 182
420 1702
421 806
422 144
422 646
422 1140
422 1188
423 946
423 1158
424 28
424 1110
425 817
425 1379
425 1440
426 391
426 782
426 1376
427 49
427 59
427 568
427 1751
428 641
428 1669
429 1553
429 1556
430 23
430 85
430 1974
431 284
431 1824
432 340
432 798
432 1913
433 13
433 395
433 515
433 534
433 884
433 1835
434 193
434 689
434 842
434 1341
435 527
435 835
435 1551
435 1862
436 213
436 961
437 129
437 362
437 748
438 1091
438 1313
439 201
439 1338
439 1513
439 1864
440 606
440 1762
441 181
441 268
441 359
442 36
442 163
442 1429
443 702
443 1298
443 1808
443 1869
443 1977
444 508
444 1039
444 1691
444 1714
445 139
445 660
445 755
445 1118
446 1216
446 1457
446 1679
447 334
447 455
447 488
448 903
448 1478
448 1711
449 955
449 1498
449 1618
450 1170
450 1612
450 1929
451 979
451 1570
452 83
452 371
452 710
452 919
453 298
453 424
453 1348
453 1877
453 1967
454 65
454 1244
454 1348
455 623
455 660
455 1182
456 635
456 639
456 1777
457 119
457 654
457 1190
457 1589
457 1749
458 98
458 765
458 1063
459 383
459 841
459 1231
459 1711
460 502
460 734
460 970
460 1536
461 537
461 1223
461 1688
462 791
462 1001
462 1618
462 1635
463 209
463 964
463 1637
464 824
464 1536
464 1638
465 1078
466 1627
466 1770
467 148
467 666
467 690
467 824
468 828
468 1144
468 1451
468 1480
469 13
469 745
469 783
469 1425
470 505
470 1129
470 1413
470 1505
470 1533
470 1626
471 197
471 712
472 428
472 1385
473 180
473 906
473 1409
473 1497
474 1183
474 1399
475 310
475 743
476 577
476 793
476 1338
477 162
477 513
477 738
477 963
477 1651
477 1900
478 1017
478 1311
479 697
479 1209
480 1151
480 1199
480 1838
481 983
481 1596
481 1711
482 34
482 845
482 1393
482 1662
483 170
483 926
483 1241
483 1419
483 1958
484 623
484 644
484 866
484 988
485 23
485 1577
485 1694
486 245
486 403
486 632
486 712
486 916
486 1114
486 1527
487 1141
487 1441
487 1602
488 964
488 1147
488 1354
488 1758
489 817
489 1876
490 826
490 1873
491 254
491 373
491 1668
492 1186
492 1426
492 1611
493 289
493 650
493 1175
493 1874
493 1910
494 802
494 1483
494 1981
495 753
495 1113
495 1231
495 1386
495 1945
496 758
497 186
497 399
497 1164
497 1320
498 1027
498 1841
499 236
499 1078
499 1112
499 1596
500 636
500 1601
500 1624
500 1882
501 271
501 593
502 309
502 1324
503 543
503 771
504 353
504 1280
504 1843
505 293
505 1057
505 1840
505 1896
506 153
506 263
506 1785
507 1148
507 1335
508 603
508 1006
508 1947
509 1094
509 1310
509 1782
510 783
510 1083
510 1850
510 1893
511 70
511 231
511 1413
511 1612
512 1216
512 1432
512 1946
513 568
513 1464
513 1708
513 1782
514 13
514 283
514 1131
514 1421
514 1555
515 354
515 576
515 1018
515 1386
516 245
516 386
517 200
517 216
517 265
517 911
517 1396
518 152
518 164
518 179
518 1108
519 349
519 1720
520 987
520 1124
521 210
521 1315
522 132
522 166
522 857
522 1530
523 1724
523 1814
524 545
524 1124
524 1858
525 209
525 1470
525 1568
526 467
526 934
527 429
527 873
528 265
528 729
528 1087
528 1276
528 1407
529 1791
530 312
530 877
531 992
532 165
532 733
532 767
532 1104
532 1579
532 1666
533 368
533 1173
533 1658
533 1707
534 187
534 459
534 562
534 1284
535 44
535 196
535 1717
536 308
536 1424
536 1607
537 1009
537 1230
537 1677
537 1881
538 1833
539 971
539 1178
539 1357
539 1498
539 1809
540 171
540 1273
540 1623
541 516
542 442
542 1823
543 952
543 979
543 1983
544 1050
544 1860
545 280
545 1007
545 1578
546 7
546 245
546 374
546 1324
546 1878
547 803
547 1053
547 1181
548 24
548 35
548 46
548 73
548 1302
548 1373
549 585
549 602
549 1137
550 1232
550 1675
550 1680
551 795
552 1050
552 1076
552 1374
552 1992
553 587
553 1260
553 1667
554 298
554 1388
555 541
555 963
555 1381
555 1452
556 377
556 991
556 1393
556 1615
557 1298
557 1382
558 1580
558 1744
559 204
559 794
560 125
560 168
561 335
562 589
562 1058
562 1713
563 58
563 301
563 502
563 896
563 1285
563 1963
564 266
564 314
564 852
564 1429
564 1843
565 1646
566 120
566 585
566 610
566 957
566 1471
567 334
567 718
567 907
567 912
568 367
568 631
568 1270
568 1628
569 24
569 211
569 479
569 642
569 1056
569 1552
570 97
570 341
571 594
571 970
572 1162
572 1238
572 1268
572 1435
573 384
573 444
573 791
573 1899
574 140
574 230
574 564
574 1604
575 20
575 517
576 601
576 722
576 844
576 1018
576 1785
577 756
577 822
577 1752
578 1047
579 760
579 1263
579 1381
579 1868
579 1889
580 747
580 1293
580 1340
581 760
581 1462
581 1729
582 184
582 631
582 824
582 1863
583 101
583 773
583 973
583 1575
584 353
584 1246
584 1614
584 1986
585 191
585 328
585 1372
586 671
586 1690
587 756
587 795
588 158
588 202
589 1912
589 1942
590 286
590 1121
590 1609
590 1925
591 1782
592 355
592 1486
593 885
593 1937
594 185
594 258
594 571
594 958
594 1721
594 1867
595 520
595 1360
595 1953
596 867
596 1016
596 1254
597 632
598 953
599 418
599 488
599 1062
599 1265
599 1773
600 92
600 508
601 576
601 1276
601 1363
602 63
602 1881
603 767
603 1240
603 1794
604 313
604 767
604 1877
605 187
605 860
605 974
606 100
606 315
606 499
606 575
606 675
606 1719
607 1037
607 1180
607 1961
608 83
608 1116
608 1420
608 1596
609 629
609 1023
609 1727
610 966
610 1002
610 1471
611 126
611 471
612 110
612 468
612 1608
612 1615
613 870
613 1034
614 930
614 1248
614 1388
615 1035
615 1104
616 1065
616 1746
617 1485
618 942
618 1335
618 1775
618 1962
619 1280
619 1949
620 439
620 706
621 1564
621 1726
622 997
622 1559
622 1816
623 1133
624 330
624 366
624 1164
625 712
625 1121
625 1639
625 1922
626 1444
626 1692
626 1891
627 113
627 781
627 1006
628 121
628 693
629 1402
629 1972
630 1723
630 1848
631 1018
631 1709
632 96
632 597
633 232
633 820
634 892
634 910
634 1113
635 185
635 1455
636 56
636 1457
636 1958
637 871
637 1289
637 1661
637 1764
638 1268
638 1452
638 1518
639 564
639 809
639 1102
640 13
640 975
640 1927
640 1951
641 22
641 354
641 428
641 963
641 1669
642 238
642 501
643 138
643 253
644 135
644 163
644 337
644 1981
645 918
645 1004
645 1077
645 1374
646 471
646 482
647 340
647 905
647 1194
648 85
648 1065
648 1671
649 207
649 597
649 854
649 1321
650 639
650 1117
650 1214
650 1359
651 785
652 1227
653 851
653 1908
654 303
654 1047
655 1318
655 1680
656 40
656 65
656 374
657 438
657 1393
657 1601
658 1589
659 58
659 1594
659 1983
660 752
660 1165
660 1173
661 1344
662 1107
662 1198
662 1462
662 1861
663 112
663 591
663 1851
664 174
664 1907
665 646
665 981
665 1212
665 1365
665 1848
666 431
666 694
666 1230
667 379
667 1311
667 1368
667 1400
668 1133
668 1257
669 576
669 1254
669 1812
670 379
670 864
670 1093
671 948
671 1279
672 98
672 1005
672 1094
672 1847
673 497
673 1476
674 59
674 339
674 407
674 832
675 236
675 277
675 966
675 1572
675 1853
676 261
676 775
676 1123
676 1731
676 1940
677 344
677 620
677 967
677 1214
677 1967
678 4
678 812
679 853
679 1217
680 316
680 879
680 1853
680 1856
681 1093
682 1031
683 689
683 703
683 1537
684 26
684 447
684 498
684 842
684 1787
685 503
685 943
685 1018
685 1179
686 173
686 533
686 673
686 1902
687 1748
687 1770
687 1827
688 1152
688 1995
689 434
689 1046
689 1208
689 1724
690 726
690 1564
690 1642
690 1712
690 1964
691 477
691 776
692 899
692 1146
693 560
693 671
693 856
693 865
694 435
694 759
694 1072
694 1551
695 55
695 182
695 1224
696 86
696 88
697 222
697 553
697 1860
698 897
698 947
698 1005
699 292
699 311
699 1115
700 1547
701 723
701 876
701 879
701 1342
701 1436
702 375
702 780
702 1560
702 1790
702 1934
703 1510
703 1876
704 1894
704 1952
705 205
705 239
705 983
705 1234
705 1826
706 147
706 680
707 483
707 927
707 1222
707 1228
708 530
708 1087
709 135
709 345
709 1136
709 1427
709 1800
710 109
710 1617
710 1730
711 1439
711 1512
712 1294
712 1441
713 151
713 262
713 1641
714 178
714 622
714 1062
714 1261
714 1854
715 378
715 1377
715 1783
716 316
716 1647
717 42
717 1438
718 67
718 1210
719 341
719 892
720 448
720 1134
720 1255
721 676
721 762
721 1332
722 681
722 1086
722 1774
722 1795
723 747
723 848
723 1365
724 60
724 1060
724 1449
724 1593
725 382
725 855
725 1189
726 1099
727 246
727 1095
727 1181
727 1580
727 1634
728 40
728 674
728 1072
729 173
729 642
729 748
729 767
729 1736
730 64
730 267
730 460
730 1790
731 361
731 752
731 1187
732 818
732 1503
732 1931
733 1391
733 1431
734 1045
735 729
735 939
735 1243
735 1745
736 452
736 746
736 1359
736 1773
737 255
737 506
737 1795
737 1894
738 604
738 1555
739 445
739 1537
739 1583
740 234
740 1753
741 54
741 904
741 1097
741 1886
742 272
742 895
742 1851
743 1556
743 1895
744 670
744 1877
745 370
745 469
745 1140
745 1796
746 1374
746 1517
746 1840
746 1979
747 535
747 1296
747 1336
748 950
748 1470
748 1984
749 240
749 409
749 539
749 1202
749 1393
750 156
750 517
750 754
751 212
751 235
751 569
752 541
752 1337
752 1688
753 919
753 921
753 1305
754 44
754 1380
755 7
755 1998
756 417
756 545
756 607
756 1707
757 285
757 538
757 1734
758 641
758 746
758 789
758 1638
759 79
759 923
759 1567
759 1973
760 976
760 1817
761 120
761 376
761 1686
762 1002
762 1507
763 35
763 629
763 1620
763 1657
764 164
764 513
764 1186
764 1290
765 259
765 653
765 770
765 1716
766 694
766 1706
766 1724
766 1776
767 35
767 532
767 863
768 89
768 279
768 1543
768 1817
769 661
769 936
769 1073
770 624
770 1530
770 1985
771 1018
771 1226
771 1531
772 282
772 643
772 1777
773 547
773 670
773 727
773 1184
773 1574
773 1632
774 1338
775 81
775 1226
775 1523
775 1782
776 237
776 1867
776 1954
777 1233
777 1555
777 1912
778 295
778 721
778 1098
778 1166
779 140
779 784
780 1252
780 1866
780 1963
781 1472
781 1950
782 1582
783 469
783 529
784 218
784 368
784 989
785 107
785 651
785 808
785 1597
785 1860
786 62
786 264
786 443
786 1016
787 603
787 1628
788 457
788 814
788 998
788 1079
788 1713
789 906
789 1382
790 603
790 1304
790 1584
791 82
791 1621
792 1150
792 1173
793 683
793 1519
793 1866
794 196
794 414
794 1194
794 1620
795 223
795 1133
795 1748
796 168
796 1287
796 1425
797 92
797 538
797 800
797 826
797 973
798 1093
798 1607
798 1986
799 458
799 594
799 1927
800 8
800 239
800 526
800 1648
801 1007
801 1046
801 1345
801 1521
803 547
803 829
803 836
803 1248
804 523
804 1488
804 1494
805 395
805 905
805 1370
805 1845
806 365
806 746
806 1517
806 1729
807 1846
808 889
808 1012
808 1903
809 639
809 918
809 1166
809 1583
810 828
810 842
810 1996
811 69
811 854
811 1531
812 1536
812 1847
813 1323
813 1422
814 283
814 1028
815 355
815 1878
816 380
816 925
816 1542
816 1943
817 915
817 1283
818 732
818 1036
818 1919
819 816
819 1293
819 1395
819 1691
819 1937
820 405
821 12
821 128
821 1432
822 508
822 1203
823 702
823 1119
823 1365
824 249
824 967
825 753
825 1179
825 1227
826 797
826 914
826 973
826 1935
827 220
827 1516
828 2
828 588
828 1043
829 803
830 408
830 850
830 1532
831 1980
832 60
832 869
832 965
832 1584
832 1955
833 1534
834 1315
834 1328
834 1408
834 1591
835 336
835 435
835 1535
835 1551
836 228
836 831
837 20
838 158
838 604
838 1701
838 1802
839 1209
839 1468
840 94
840 217
840 957
840 1467
841 42
841 64
841 93
841 666
841 1036
841 1402
841 1636
841 1807
842 578
842 1630
843 867
843 1339
843 1547
843 1873
844 222
844 603
844 1403
845 35
845 610
846 344
846 1998
847 134
847 529
847 554
847 1954
848 598
848 724
848 1098
849 85
849 913
849 1240
850 835
850 1925
851 18
851 1416
851 1738
852 830
852 1108
853 136
853 392
853 1308
854 69
854 232
855 1361
855 1646
856 1070
856 1549
857 316
857 373
857 419
857 747
857 1671
858 97
858 299
858 389
859 203
859 280
859 932
860 62
860 801
861 450
862 667
862 1862
862 1897
863 150
863 1332
863 1506
863 1628
863 1675
863 1770
864 223
864 270
864 670
864 1471
865 63
865 748
865 910
865 1743
866 626
866 1004
866 1173
867 1726
867 1834
868 527
868 567
868 924
869 832
869 1928
869 1955
870 622
870 1471
870 1932
871 1023
871 1489
871 1797
872 466
872 557
872 1970
873 275
873 1822
874 332
874 546
874 1163
875 383
875 1156
875 1170
875 1516
876 1829
877 52
877 1291
877 1380
877 1422
877 1920
878 316
878 1029
878 1978
879 465
879 1394
880 1187
880 1645
880 1832
881 55
881 419
881 551
881 924
881 1436
881 1914
882 692
882 699
882 1415
882 1438
882 1845
883 410
883 1547
884 1404
884 1689
885 132
885 256
886 457
886 1075
886 1422
886 1673
886 1732
886 1785
887 1259
887 1853
888 190
888 233
888 298
888 1323
889 720
889 808
890 14
890 353
890 1647
891 91
891 829
891 837
891 1207
892 676
892 768
893 96
893 512
893 705
893 1095
893 1628
894 356
894 759
894 1263
895 159
895 520
895 1233
895 1519
896 259
896 554
896 698
896 1131
897 14
897 698
897 1105
897 1643
898 236
898 868
898 1120
899 761
899 1469
900 552
900 816
900 1014
901 5
901 1134
902 185
902 506
903 562
903 825
903 1186
903 1664
904 176
904 194
904 332
904 728
904 883
904 1332
905 805
905 1138
905 1802
906 453
906 1156
906 1310
906 1331
906 1401
907 86
907 678
907 1294
907 1298
908 299
908 1160
908 1413
909 141
909 1065
909 1812
910 129
910 651
910 1902
911 1899
911 1947
912 659
912 1619
912 1737
913 268
913 1095
913 1117
913 1197
913 1664
914 460
914 1135
915 938
915 1154
916 150
916 202
916 471
916 1462
916 1861
917 139
917 1257
917 1545
917 1762
917 1869
917 1893
918 238
918 674
918 960
918 1539
919 357
919 452
919 861
919 1039
919 1385
919 1779
920 25
920 129
920 1668
920 1745
920 1875
921 779
921 788
921 1722
922 38
922 898
922 1128
922 1353
922 1550
922 1727
922 1808
923 187
923 953
924 192
924 1265
924 1363
924 1524
924 1770
924 1789
925 1027
925 1959
926 205
926 483
926 660
926 1241
926 1451
927 707
927 1745
928 1155
928 1385
928 1436
928 1465
929 136
929 1307
930 164
930 744
930 1614
931 261
931 1765
932 1142
932 1406
932 1972
933 846
933 962
933 1038
933 1244
934 257
934 1865
935 5
935 1112
935 1538
935 1740
936 1627
936 1832
936 1838
937 101
937 423
937 517
938 825
938 1355
938 1519
939 1030
939 1552
939 1738
940 126
940 274
940 438
940 611
940 1161
940 1583
941 84
941 347
941 1054
941 1139
941 1218
942 1631
942 1632
942 1791
943 685
943 1039
943 1268
944 121
944 145
944 1426
945 492
946 293
946 1326
947 252
947 526
947 551
947 1276
948 68
948 101
948 1330
949 298
949 378
949 446
950 887
950 1038
950 1417
951 45
951 60
951 1825
951 1976
952 485
952 673
952 1389
952 1552
953 739
953 771
954 314
954 472
954 1609
955 318
955 1732
956 413
956 878
956 1719
957 66
957 244
957 247
958 615
958 1632
959 477
959 936
959 1044
960 645
960 685
960 1012
960 1033
961 854
961 1464
962 195
962 856
962 1893
963 1125
963 1727
963 1917
964 31
964 201
964 438
964 463
965 737
965 755
966 1520
967 434
967 843
967 1019
967 1965
968 225
968 818
968 1215
969 74
969 76
969 1831
969 1883
969 1888
970 111
970 1198
971 854
971 1266
971 1468
971 1698
971 1827
972 297
972 299
972 1120
972 1223
973 797
973 1461
974 123
974 226
974 1061
974 1310
974 1625
975 1850
975 1854
976 48
977 413
977 1051
978 130
978 297
978 867
978 1122
979 75
980 205
980 609
980 833
980 1085
981 216
981 1428
981 1488
982 472
982 1109
983 11
984 945
985 698
985 1026
986 1307
986 1339
987 1262
987 1713
989 611
989 1042
989 1891
990 51
990 1211
990 1797
991 1770
991 1962
992 78
992 1100
992 1931
993 1822
994 360
994 955
994 1121
994 1632
994 1867
995 199
995 758
995 966
995 1712
996 1840
997 665
997 1568
998 680
998 905
998 1704
998 1775
999 652
999 1568
1000 1159
1000 1316
1000 1908
1000 1979
1001 82
1001 462
1001 524
1001 1635
1002 425
1002 645
1002 1121
1002 1389
1003 1761
1003 1953
1004 90
1004 350
1004 716
1004 1216
1004 1297
1006 394
1007 351
1007 1183
1007 1959
1008 1431
1008 1536
1009 513
1009 677
1009 747
1009 1397
1010 60
1010 683
1010 947
1010 1271
1011 124
1011 1044
1011 1067
1011 1102
1011 1890
1012 98
1012 617
1012 1167
1012 1371
1012 1491
1013 427
1013 996
1014 1264
1014 1614
1014 1640
1014 1843
1015 774
1015 1026
1015 1200
1015 1443
1016 157
1016 1582
1017 478
1017 882
1017 1051
1017 1149
1018 333
1018 1156
1018 1344
1019 140
1019 166
1019 883
1019 1068
1020 1464
1020 1989
1021 1046
1021 1630
1021 1631
1022 94
1022 112
1022 1639
1022 1960
1022 1992
1023 580
1023 958
1023 1508
1024 265
1024 1088
1024 1418
1025 53
1025 1653
1026 10
1026 985
1026 1087
1026 1276
1026 1313
1026 1508
1027 1100
1028 1408
1029 512
1029 995
1029 1219
1029 1348
1029 1432
1029 1524
1029 1538
1030 97
1030 523
1031 680
1031 911
1031 1213
1031 1287
1031 1812
1032 101
1032 1614
1033 307
1033 902
1034 48
1034 95
1034 177
1034 790
1035 301
1035 749
1035 1141
1036 1316
1036 1968
1037 343
1037 1160
1037 1235
1037 1754
1037 1756
1038 751
1039 943
1040 402
1040 549
1041 1649
1042 385
1042 1325
1042 1906
1043 358
1043 519
1043 814
1043 1828
1044 309
1044 662
1044 912
1044 1849
1045 162
1045 1206
1045 1813
1046 160
1046 385
1046 1378
1047 1253
1047 1269
1048 501
1048 895
1048 1093
1048 1401
1048 1862
1049 1325
1049 1383
1049 1800
1049 1801
1050 271
1050 1405
1050 1871
1050 1886
1051 341
1051 1330
1051 1366
1052 479
1052 1570
1052 1956
1053 859
1054 941
1054 1549
1054 1581
1055 86
1055 282
1055 321
1055 882
1056 297
1056 802
1056 1237
1057 310
1057 400
1057 709
1057 1407
1058 415
1058 933
1058 1319
1059 63
1059 820
1059 1421
1060 66
1060 278
1060 342
1061 175
1061 640
1061 1693
1062 599
1062 1870
1063 391
1063 682
1063 1065
1063 1237
1063 1820
1064 6
1064 822
1064 1187
1064 1941
1065 127
1065 138
1065 1703
1066 136
1066 903
1066 1207
1066 1300
1067 1172
1068 248
1068 613
1069 677
1069 1653
1069 1767
1070 1202
1071 232
1071 484
1071 724
1071 1703
1072 481
1072 1106
1072 1629
1073 289
1073 655
1073 769
1073 1251
1074 255
1074 733
1074 948
1074 1708
1074 1734
1074 1971
1075 802
1075 1722
1075 1746
1076 516
1077 515
1077 1199
1077 1267
1078 348
1078 355
1078 911
1078 1356
1079 172
1079 199
1079 1269
1080 642
1080 1889
1081 55
1081 214
1081 393
1081 688
1081 1456
1081 1730
1081 1973
1082 49
1082 735
1083 885
1083 1583
1084 293
1084 891
1084 1425
1085 192
1085 251
1085 777
1086 952
1086 1921
1087 1164
1087 1544
1088 175
1088 1454
1089 101
1089 214
1089 318
1089 1088
1090 312
1090 846
1090 1202
1091 19
1091 647
1091 1772
1092 372
1092 436
1092 592
1092 1208
1092 1978
1093 103
1093 945
1093 1048
1093 1236
1094 509
1095 384
1095 877
1095 1085
1095 1908
1096 120
1096 733
1096 1155
1097 145
1097 433
1097 1737
1098 404
1098 415
1098 1274
1098 1490
1098 1510
1099 43
1099 213
1099 655
1099 871
1099 1616
1099 1779
1100 848
1100 992
1100 1027
1101 286
1101 863
1101 994
1101 1424
1101 1627
1102 1011
1102 1179
1102 1409
1102 1794
1103 109
1103 201
1103 563
1103 591
1103 725
1103 1165
1104 1039
1104 1125
1104 1322
1105 329
1106 324
1106 791
1106 1575
1107 19
1107 717
1107 1331
1107 1523
1108 176
1108 1256
1108 1926
1108 1948
1109 601
1109 921
1109 1565
1110 173
1111 137
1111 1313
1111 1464
1111 1597
1112 1059
1112 1376
1113 241
1113 634
1113 1588
1113 1945
1113 1991
1114 43
1114 1027
1114 1517
1114 1585
1115 1247
1116 1132
1116 1135
1117 1092
1118 925
1118 976
1118 1343
1118 1673
1118 1760
1119 320
1119 823
1119 1043
1119 1477
1120 937
1120 1605
1120 1756
1121 114
1121 590
1121 1001
1121 1160
1121 1197
1121 1717
1122 1008
1122 1925
1123 688
1123 860
1123 1713
1124 401
1124 524
1124 1592
1125 439
1125 654
1125 1678
1125 1910
1126 268
1126 360
1126 1475
1127 342
1127 439
1127 1759
1128 738
1128 1550
1128 1670
1128 1676
1129 73
1129 105
1129 215
1129 1670
1129 1904
1130 1455
1130 1860
1131 805
1131 902
1132 614
1132 1857
1133 1152
1133 1769
1133 1834
1134 21
1134 919
1134 1453
1135 423
1135 1116
1136 252
1136 1002
1136 1428
1136 1624
1137 189
1137 681
1137 1193
1137 1482
1138 669
1138 681
1138 1668
1139 881
1139 1176
1139 1807
1140 162
1140 305
1141 547
1141 1003
1142 255
1142 1185
1142 1763
1142 1869
1143 1023
1143 1968
1144 36
1144 771
1145 366
1145 518
1145 1460
1145 1555
1146 1474
1146 1831
1147 488
1148 449
1148 1410
1148 1771
1149 721
1149 750
1150 215
1150 1745
1151 121
1151 1586
1152 58
1152 735
1152 1352
1152 1470
1153 595
1153 719
1153 783
1153 1783
1154 971
1154 1129
1154 1440
1155 536
1155 1450
1155 1465
1156 906
1157 147
1157 284
1157 997
1157 1101
1157 1593
1157 1950
1158 1053
1158 1825
1159 432
1159 770
1159 1000
1159 1265
1160 971
1160 988
1160 1333
1160 1468
1160 1640
1161 1682
1161 1749
1162 301
1162 731
1162 1403
1162 1461
1163 874
1163 1232
1164 37
1164 1065
1164 1109
1164 1563
1165 711
1165 713
1165 1127
1165 1354
1166 295
1166 638
1166 778
1166 1863
1167 617
1167 1012
1167 1364
1167 1525
1167 1986
1168 451
1168 1262
1169 248
1169 729
1169 736
1170 508
1170 656
1170 875
1170 1510
1171 1013
1171 1488
1172 70
1172 206
1172 590
1173 1322
1173 1334
1173 1772
1174 1154
1175 886
1175 1455
1175 1489
1175 1781
1175 1947
1176 412
1176 510
1176 1587
1176 1592
1177 26
1177 1137
1178 231
1178 806
1179 116
1179 462
1179 1036
1180 674
1180 680
1180 1886
1181 450
1181 627
1181 1129
1181 1795
1182 526
1182 1287
1183 481
1183 874
1183 1163
1183 1701
1184 302
1184 670
1184 1574
1185 727
1185 1148
1186 903
1186 1071
1186 1503
1187 1603
1188 47
1188 1309
1189 726
1189 855
1190 515
1190 620
1191 475
1191 947
1192 703
1192 1929
1193 262
1193 1342
1193 1791
1194 321
1194 414
1194 1883
1195 63
1195 1084
1195 1188
1197 52
1198 51
1199 490
1199 1989
1200 1958
1201 769
1202 261
1202 841
1203 79
1203 685
1203 877
1203 1665
1203 1944
1204 511
1204 626
1204 664
1205 280
1205 568
1205 590
1205 1193
1205 1303
1206 1837
1207 559
1207 607
1207 1754
1208 581
1208 1344
1209 351
1209 823
1209 1872
1210 760
1210 1679
1210 1951
1211 1398
1211 1730
1212 736
1212 1441
1213 84
1213 137
1213 704
1213 720
1214 330
1214 485
1215 92
1215 342
1215 1671
1216 1239
1216 1430
1216 1626
1216 1879
1217 197
1217 1052
1217 1595
1218 447
1218 901
1218 1588
1219 1055
1219 1963
1220 630
1220 736
1220 1286
1221 206
1221 1477
1222 1675
1223 204
1223 972
1223 1226
1223 1563
1223 1673
1224 239
1224 1650
1225 214
1225 560
1225 1211
1225 1285
1226 81
1226 741
1226 799
1226 1426
1226 1529
1227 1372
1227 1540
1228 443
1228 1025
1229 362
1229 1405
1230 14
1230 773
1230 1497
1230 1700
1231 644
1231 1200
1231 1688
1231 1890
1232 848
1233 227
1233 337
1233 541
1233 1957
1234 1762
1235 448
1236 102
1236 228
1236 683
1236 1915
1237 410
1237 728
1237 1504
1238 354
1238 572
1238 776
1238 1355
1238 1832
1239 199
1239 1478
1239 1901
1240 261
1240 603
1241 425
1242 199
1242 507
1243 140
1243 420
1244 607
1244 783
1244 1896
1245 303
1245 775
1246 115
1246 584
1246 1110
1246 1178
1246 1742
1247 180
1247 923
1248 93
1248 233
1248 803
1249 13
1249 736
1249 1581
1249 1774
1250 864
1250 999
1250 1129
1251 257
1251 1096
1251 1873
1252 352
1252 470
1252 780
1252 1868
1253 1313
1253 1631
1253 1777
1254 347
1254 562
1254 1203
1255 24
1255 167
1255 1166
1255 1189
1255 1416
1256 1534
1257 805
1257 1892
1258 198
1258 328
1258 504
1258 1108
1259 71
1259 364
1259 560
1259 1450
1260 1707
1260 1903
1261 798
1261 1717
1262 570
1262 1310
1262 1726
1263 306
1263 1111
1263 1390
1264 70
1264 814
1264 1054
1264 1372
1264 1480
1265 1307
1265 1486
1265 1626
1265 1655
1265 1660
1266 477
1266 706
1266 1320
1266 1327
1266 1589
1267 870
1267 1345
1267 1936
1268 943
1268 1635
1268 1980
1269 136
1269 606
1270 90
1270 715
1270 1103
1271 1454
1271 1664
1272 804
1272 874
1272 926
1272 1004
1272 1315
1272 1752
1273 198
1273 1267
1273 1778
1274 88
1274 1305
1275 425
1275 465
1275 1649
1276 135
1277 240
1277 463
1277 1089
1278 905
1278 1009
1278 1057
1278 1530
1278 1761
1279 219
1279 1388
1280 123
1280 1266
1280 1334
1281 121
1281 346
1281 449
1281 1771
1282 372
1282 618
1283 507
1283 817
1283 819
1283 1186
1284 332
1284 595
1284 893
1284 1027
1285 142
1285 346
1285 398
1285 417
1285 1456
1285 1486
1285 1543
1286 329
1286 524
1286 819
1286 1220
1287 102
1287 399
1287 695
1288 351
1288 1638
1289 52
1289 658
1290 648
1290 815
1290 1528
1291 106
1291 816
1291 1814
1292 143
1292 312
1292 573
1292 730
1292 1453
1293 1222
1293 1515
1293 1870
1294 570
1294 955
1295 152
1295 197
1295 984
1295 1439
1295 1654
1295 1706
1295 1740
1296 852
1296 1755
1297 977
1297 1449
1298 566
1298 583
1298 996
1300 1359
1300 1452
1300 1823
1300 1950
1301 890
1301 1622
1302 418
1302 1938
1303 494
1303 1357
1304 108
1304 250
1304 287
1304 544
1304 750
1305 500
1305 560
1306 499
1306 643
1306 1008
1306 1196
1307 581
1307 986
1307 1740
1308 846
1309 217
1309 472
1310 454
1310 1441
1310 1749
1311 317
1311 633
1312 63
1312 426
1312 630
1312 883
1313 597
1313 1495
1314 461
1314 1275
1314 1685
1315 118
1315 305
1315 343
1316 774
1316 1036
1316 1479
1317 987
1317 1741
1317 1742
1318 628
1318 1541
1319 284
1319 862
1319 1132
1320 539
1320 1617
1321 541
1321 1388
1321 1951
1322 21
1322 1170
1322 1397
1322 1654
1322 1832
1323 1289
1323 1647
1323 1658
1323 1887
1323 1933
1324 729
1325 29
1325 231
1325 1942
1326 946
1326 1138
1326 1515
1326 1585
1327 213
1327 782
1327 1295
1327 1376
1328 391
1328 555
1328 721
1328 763
1328 1657
1329 792
1329 1092
1329 1316
1330 18
1330 960
1330 1959
1331 964
1331 1061
1331 1107
1332 881
1333 992
1333 1364
1333 1806
1333 1989
1334 636
1334 995
1334 1001
1334 1692
1335 618
1335 686
1335 1207
1335 1725
1336 157
1336 592
1336 1005
1336 1220
1336 1747
1337 200
1337 321
1337 526
1337 752
1337 853
1337 1968
1338 1122
1338 1668
1338 1729
1339 40
1339 499
1339 1630
1339 1956
1340 1877
1340 1887
1341 193
1341 816
1341 952
1341 1926
1342 21
1342 513
1342 1193
1342 1501
1342 1678
1342 1917
1343 474
1343 601
1343 1296
1343 1479
1343 1658
1344 285
1344 714
1344 1322
1345 924
1346 292
1346 704
1346 760
1346 1640
1346 1746
1347 769
1347 1828
1348 170
1349 147
1350 162
1350 196
1350 525
1350 1533
1351 169
1351 1692
1351 1746
1351 1878
1352 2000
1353 165
1353 830
1353 1233
1354 229
1354 603
1355 94
1355 657
1356 27
1356 401
1356 754
1356 1448
1356 1879
1357 482
1357 861
1357 1809
1358 305
1358 440
1358 1159
1358 1433
1358 1877
1359 794
1359 1348
1359 1530
1359 1563
1360 106
1360 230
1360 1142
1360 1419
1360 1815
1361 294
1361 401
1361 844
1362 60
1362 1304
1362 1472
1363 1370
1364 885
1364 1562
1364 1767
1365 1610
1365 1752
1366 943
1366 1494
1366 1644
1367 41
1367 821
1367 1197
1367 1612
1367 1765
1368 652
1368 1684
1369 650
1369 1339
1370 1133
1370 1700
1371 1
1371 269
1371 1982
1372 129
1372 749
1373 287
1373 1475
1373 1751
1373 1950
1374 315
1374 461
1375 454
1375 649
1375 935
1375 1019
1376 225
1376 426
1376 786
1376 1658
1377 715
1377 1059
1378 900
1378 1909
1379 679
1379 1231
1379 1708
1379 1884
1380 227
1380 606
1380 1386
1380 1710
1381 560
1381 1650
1381 1920
1382 148
1382 422
1382 705
1382 1022
1383 166
1383 496
1384 304
1384 1066
1385 928
1386 659
1386 1594
1387 244
1387 1058
1387 1118
1388 554
1388 907
1388 1051
1388 1547
1388 1973
1389 239
1389 643
1389 1289
1389 1844
1390 125
1390 453
1390 1009
1390 1699
1391 669
1391 810
1391 1276
1391 1981
1392 359
1392 952
1392 1401
1392 1608
1393 3
1393 1050
1393 1657
1394 500
1394 1349
1394 1740
1395 124
1395 556
1395 819
1395 1556
1396 458
1396 691
1397 652
1397 702
1397 1403
1397 1786
1398 1579
1398 1659
1399 96
1399 435
1399 528
1400 863
1400 1346
1401 171
1401 356
1401 406
1401 1048
1401 1286
1401 1332
1402 95
1402 389
1402 674
1402 694
1402 1258
1403 774
1403 1952
1404 248
1404 1431
1405 56
1405 686
1405 1171
1406 1239
1406 1993
1407 33
1407 279
1407 313
1407 811
1408 787
1408 951
1408 1980
1409 214
1409 1124
1409 1884
1410 256
1410 1443
1410 1720
1411 60
1411 130
1411 371
1411 510
1412 150
1412 387
1412 718
1413 1367
1414 275
1414 1707
1415 498
1415 1495
1415 1566
1416 1613
1416 1698
1417 494
1417 950
1417 1270
1417 1859
1417 1892
1418 1007
1418 1311
1418 1554
1419 588
1419 837
1419 1450
1420 54
1420 83
1420 608
1421 131
1421 216
1421 703
1421 916
1421 1827
1422 304
1423 186
1423 890
1423 1684
1424 284
1424 398
1424 914
1424 1101
1424 1760
1425 221
1425 233
1425 469
1426 219
1426 369
1426 492
1426 1059
1426 1529
1426 1826
1427 333
1427 829
1428 951
1429 228
1429 300
1429 616
1430 264
1430 660
1431 309
1431 694
1431 1404
1432 512
1432 1028
1432 1029
1432 1886
1433 655
1433 1358
1433 1539
1434 65
1434 210
1435 45
1435 474
1435 540
1435 572
1435 1418
1436 1606
1437 692
1437 745
1437 1335
1438 1101
1439 128
1439 136
1439 323
1439 1743
1439 1844
1440 55
1440 370
1440 422
1440 1500
1440 1769
1441 111
1441 487
1441 1347
1442 30
1442 899
1442 944
1442 1691
1443 127
1443 1015
1444 306
1444 1031
1444 1468
1445 202
1445 421
1445 650
1445 831
1445 1770
1446 409
1446 1177
1446 1793
1447 211
1447 748
1447 1764
1448 1533
1449 803
1449 920
1449 1311
1449 1433
1450 226
1450 380
1450 698
1451 365
1452 413
1452 1310
1452 1476
1453 1228
1453 1894
1454 94
1454 578
1454 1902
1455 1502
1455 1947
1456 119
1456 1810
1457 1567
1458 235
1458 448
1458 871
1459 599
1459 994
1460 160
1460 286
1460 288
1460 949
1460 1210
1461 10
1462 1185
1462 1456
1463 418
1463 697
1464 3
1464 961
1464 1963
1465 684
1465 1167
1466 1181
1466 1399
1467 605
1467 840
1467 927
1467 1811
1468 839
1468 1444
1468 1634
1469 509
1469 664
1469 1181
1469 1319
1469 1507
1469 1810
1469 1978
1470 23
1470 600
1470 645
1470 967
1470 1923
1471 1573
1471 1839
1472 249
1472 699
1473 1554
1473 1818
1474 1146
1474 1296
1474 1509
1475 476
1475 494
1475 1373
1476 31
1476 290
1476 642
1476 1598
1477 103
1477 1258
1477 1637
1477 1919
1478 503
1478 1395
1478 1516
1478 1660
1478 1919
1479 183
1479 727
1479 1586
1479 1795
1480 603
1480 1351
1481 67
1481 495
1481 1714
1481 1907
1482 137
1482 543
1482 603
1482 612
1483 965
1483 2000
1484 1435
1484 1723
1485 478
1485 660
1485 677
1485 1970
1486 93
1486 355
1486 592
1486 668
1486 1304
1487 89
1487 619
1487 737
1488 335
1488 1564
1488 1803
1489 151
1489 1085
1489 1265
1490 435
1490 1878
1491 845
1491 1012
1491 1262
1491 1858
1492 96
1492 296
1492 335
1492 612
1492 1348
1492 1750
1493 1695
1494 264
1494 561
1494 1644
1494 1999
1495 33
1495 354
1495 721
1496 1264
1496 1422
1496 1545
1496 1884
1498 71
1498 1640
1499 981
1499 1740
1499 1792
1499 1975
1500 1406
1500 1591
1501 1748
1502 121
1502 973
1502 1049
1502 1143
1502 1906
1503 121
1503 322
1503 567
1504 679
1504 1595
1505 387
1506 796
1506 831
1506 928
1506 1629
1507 246
1507 1517
1507 1647
1507 1882
1508 1016
1509 270
1509 1364
1509 1471
1509 1733
1510 113
1510 752
1510 1355
1510 1833
1511 482
1511 696
1512 67
1512 1599
1512 1931
1513 1725
1514 240
1514 1546
1515 33
1515 1264
1515 1326
1515 1651
1516 827
1517 478
1517 746
1517 804
1517 1924
1518 1267
1518 1442
1518 1496
1519 1157
1519 1715
1519 1827
1520 430
1520 800
1521 504
1521 505
1521 1414
1521 1821
1522 208
1522 558
1522 1714
1523 389
1523 626
1523 943
1523 1107
1523 1247
1523 1366
1524 309
1524 467
1524 640
1524 1029
1525 123
1525 191
1525 531
1525 973
1525 1420
1526 598
1526 1692
1527 97
1527 486
1527 941
1527 1842
1528 162
1528 1290
1528 2000
1529 916
1530 149
1531 85
1531 1796
1532 340
1532 1063
1533 51
1533 711
1533 986
1533 1350
1534 120
1534 266
1534 761
1534 839
1534 1120
1534 1978
1535 492
1536 596
1536 1128
1536 1723
1537 739
1537 1771
1537 1784
1537 1988
1538 638
1538 935
1538 1619
1539 154
1539 786
1539 1662
1539 1886
1540 164
1540 1288
1541 281
1541 1003
1541 1294
1541 1924
1542 8
1542 319
1542 327
1542 1839
1543 683
1543 1285
1543 1750
1543 1796
1544 583
1544 1056
1544 1320
1545 15
1546 489
1546 541
1547 1505
1547 1525
1547 1999
1548 416
1548 1278
1548 1506
1548 1597
1549 502
1549 858
1550 475
1551 571
1551 633
1552 1013
1552 1581
1553 402
1553 429
1553 1580
1554 181
1555 1562
1556 586
1556 743
1556 1253
1558 1162
1558 1464
1558 1685
1558 1729
1559 324
1559 1214
1559 1491
1559 1694
1559 1874
1560 383
1560 475
1560 702
1561 220
1561 399
1561 691
1561 1290
1562 66
1562 1168
1562 1456
1563 8
1563 186
1563 754
1563 975
1563 1694
1564 1855
1565 900
1565 1070
1566 1178
1566 1787
1566 1967
1567 166
1567 1355
1568 997
1568 1660
1569 276
1569 1365
1569 1965
1570 1160
1570 1184
1570 1375
1571 1137
1571 1158
1571 1386
1571 1563
1572 11
1572 399
1572 583
1572 1327
1573 435
1573 722
1573 1836
1574 730
1574 1157
1574 1184
1575 813
1576 299
1576 524
1577 22
1577 75
1577 1197
1578 1492
1578 1773
1579 532
1579 1007
1579 1894
1580 441
1580 1487
1581 474
1581 576
1581 1016
1582 599
1582 1028
1582 1100
1583 89
1583 696
1584 772
1584 790
1584 1885
1585 598
1585 727
1586 700
1586 1095
1586 1565
1586 1908
1587 587
1587 872
1587 933
1588 1020
1588 1621
1588 1831
1589 860
1589 1375
1589 1657
1589 1835
1590 32
1590 532
1591 155
1591 302
1591 1796
1592 17
1592 1384
1593 22
1593 804
1593 1157
1593 1574
1593 1931
1594 215
1594 220
1594 785
1595 232
1595 362
1595 854
1595 1024
1595 1082
1596 715
1596 1051
1596 1754
1596 1805
1597 116
1597 358
1598 523
1598 657
1598 855
1598 1354
1598 1423
1598 1500
1599 291
1599 609
1599 1512
1599 1692
1600 668
1600 1094
1600 1788
1602 1561
1602 1819
1602 1875
1603 224
1603 1054
1603 1888
1604 57
1604 786
1604 1599
1605 830
1605 1120
1605 1702
1605 1880
1606 577
1606 1309
1607 427
1607 536
1607 1435
1608 170
1608 732
1609 500
1609 514
1609 1789
1610 319
1610 521
1610 571
1610 756
1610 1914
1611 1808
1612 511
1613 595
1613 942
1613 1532
1613 1567
1614 762
1615 375
1615 1505
1615 1676
1616 578
1616 1099
1616 1364
1616 1946
1617 834
1617 927
1617 1225
1617 1431
1617 1521
1617 1670
1618 1087
1618 1705
1619 288
1619 1150
1619 1280
1619 1538
1620 436
1620 1368
1621 189
1621 245
1621 755
1621 945
1621 1736
1622 477
1622 1865
1623 540
1623 692
1623 693
1623 917
1623 1152
1624 47
1624 940
1624 1853
1625 87
1625 915
1626 470
1626 918
1626 978
1626 1216
1627 987
1627 1448
1628 149
1628 1968
1629 1529
1630 1339
1631 847
1631 1021
1631 1695
1632 122
1632 324
1632 326
1632 621
1633 781
1633 872
1633 985
1633 1590
1634 134
1634 784
1634 1165
1634 1701
1635 100
1635 462
1635 1664
1635 1790
1636 841
1636 1064
1636 1650
1637 25
1637 463
1637 1001
1637 1704
1637 1858
1638 156
1638 393
1638 825
1638 1082
1638 1218
1639 1630
1639 1960
1640 659
1640 1014
1640 1722
1640 1809
1641 1177
1641 1829
1641 1904
1642 80
1642 1471
1643 216
1643 1314
1643 1966
1644 252
1644 1219
1644 1366
1644 1375
1645 1025
1645 1296
1645 1509
1645 1717
1645 1855
1646 412
1646 565
1646 855
1647 270
1647 493
1647 854
1647 1669
1648 600
1648 684
1648 1730
1649 1195
1649 1895
1649 1941
1650 135
1650 1319
1650 1561
1650 1908
1651 440
1651 477
1651 1891
1652 444
1652 707
1652 1915
1653 9
1653 196
1653 1242
1654 1499
1654 1786
1655 145
1655 725
1656 10
1656 724
1656 1200
1656 1629
1657 303
1657 1939
1658 105
1658 533
1658 1648
1659 317
1659 1246
1660 750
1660 1251
1660 1668
1660 1818
1661 733
1661 1662
1662 390
1662 1049
1663 614
1663 865
1663 1160
1663 1483
1664 968
1664 1076
1664 1091
1664 1635
1665 379
1665 685
1666 625
1666 1571
1667 371
1667 391
1667 447
1667 452
1667 1747
1667 1879
1668 35
1668 193
1668 920
1668 1392
1669 22
1669 428
1669 641
1669 823
1669 1221
1670 537
1670 919
1670 1129
1670 1172
1670 1588
1671 762
1671 1215
1671 1667
1671 1911
1672 216
1672 1068
1673 424
1673 531
1674 570
1674 924
1675 143
1675 157
1675 1672
1676 155
1676 263
1676 757
1677 589
1677 672
1677 1078
1677 1169
1678 1342
1678 1557
1679 308
1679 402
1679 446
1679 1318
1680 64
1680 322
1680 574
1680 778
1681 640
1681 1921
1682 484
1682 602
1683 340
1683 1124
1683 1264
1683 1722
1684 732
1685 1852
1686 655
1686 838
1686 1483
1687 331
1687 745
1688 461
1688 466
1688 1210
1688 1486
1689 366
1689 1105
1689 1195
1689 1793
1690 134
1690 489
1690 1217
1690 1454
1691 1001
1691 1442
1692 1351
1692 1599
1693 314
1693 1766
1694 1362
1695 1531
1695 1903
1695 1983
1696 319
1696 1080
1696 1910
1697 346
1697 398
1697 508
1697 1564
1698 1442
1698 1453
1698 1560
1699 236
1699 441
1699 750
1699 1390
1700 677
1700 1683
1701 671
1701 1767
1701 1825
1702 779
1702 1880
1702 1982
1703 169
1703 345
1703 941
1703 1764
1703 1883
1704 552
1704 1222
1705 304
1705 1159
1705 1384
1706 5
1706 561
1706 1460
1706 1527
1706 1753
1707 849
1707 866
1707 1056
1708 99
1708 1061
1709 305
1710 548
1710 836
1710 1130
1711 448
1711 633
1711 1089
1711 1461
1711 1942
1712 767
1712 905
1712 995
1712 1093
1712 1463
1713 381
1713 615
1713 987
1713 1292
1714 133
1714 678
1714 1637
1715 668
1715 985
1715 1195
1715 1519
1715 1993
1716 493
1716 765
1716 770
1716 1434
1717 637
1717 1235
1717 1261
1717 1327
1718 548
1718 1380
1718 1801
1719 33
1719 241
1719 563
1719 1460
1719 1817
1720 184
1720 247
1720 1783
1720 1974
1721 159
1721 1744
1721 1935
1722 28
1722 274
1722 1175
1722 1900
1723 367
1723 630
1723 1128
1723 1484
1723 1848
1724 560
1724 830
1724 973
1725 1513
1725 1711
1726 1088
1727 466
1727 961
1727 1634
1728 311
1728 1799
1729 581
1729 806
1729 1402
1730 990
1731 1015
1731 1762
1732 528
1732 1667
1732 1697
1733 405
1733 1321
1733 1509
1734 174
1734 707
1735 1746
1735 1993
1736 700
1737 433
1737 1097
1738 1
1738 473
1739 37
1739 164
1739 387
1739 1499
1740 59
1740 991
1740 1436
1740 1932
1741 110
1741 788
1741 1317
1742 164
1743 110
1743 785
1743 865
1743 1817
1743 1994
1744 349
1744 1749
1745 619
1745 920
1745 1427
1746 1274
1746 1322
1747 1000
1747 1327
1748 437
1748 1750
1749 107
1749 666
1750 1223
1750 1563
1751 520
1751 1267
1752 99
1752 555
1752 570
1753 518
1753 1550
1753 1720
1754 684
1754 1317
1754 1329
1754 1566
1754 1814
1755 44
1755 1296
1755 1544
1756 7
1756 230
1756 708
1756 1510
1757 682
1757 1561
1757 1606
1758 1233
1759 1041
1759 1282
1760 179
1760 251
1760 982
1760 1254
1760 1944
1761 527
1761 1297
1761 1781
1762 917
1762 1319
1763 258
1763 522
1763 1128
1764 740
1765 310
1765 635
1765 1367
1765 1400
1766 202
1766 712
1767 277
1767 1182
1767 1300
1767 1804
1768 15
1768 1024
1768 1162
1768 1306
1768 1683
1769 1778
1769 1961
1770 1521
1770 1959
1771 295
1771 449
1771 1082
1771 1579
1771 1822
1772 190
1772 1000
1772 1373
1772 1971
1773 1553
1773 1578
1774 771
1774 1279
1775 58
1775 151
1775 1365
1775 1467
1775 1835
1776 1021
1776 1233
1776 1658
1776 1874
1777 238
1777 545
1777 1424
1777 1636
1778 1247
1778 1751
1778 1882
1779 103
1779 624
1779 1765
1779 1921
1780 1374
1780 1937
1781 41
1781 138
1781 886
1781 911
1781 999
1782 591
1782 686
1782 994
1782 1069
1782 1299
1783 1153
1783 1206
1783 1490
1783 1837
1784 791
1784 1152
1784 1696
1785 1325
1785 1779
1786 279
1786 791
1786 919
1786 1447
1787 956
1787 1312
1787 1566
1787 1633
1788 271
1788 1153
1788 1847
1788 1935
1789 381
1789 1139
1789 1736
1789 1824
1790 939
1790 1243
1790 1481
1790 1982
1791 393
1791 660
1791 1558
1792 465
1792 543
1792 545
1792 910
1793 110
1793 937
1793 1213
1794 1403
1795 85
1795 275
1795 1041
1795 1635
1795 1759
1796 458
1796 765
1796 1458
1797 1487
1797 1573
1798 116
1798 432
1799 1370
1799 1524
1800 1250
1800 1944
1801 1026
1801 1435
1802 1137
1802 1540
1803 393
1803 1096
1804 80
1804 1165
1805 1642
1805 1827
1806 313
1806 932
1806 1759
1806 1772
1807 413
1807 728
1807 1969
1808 504
1808 1303
1808 1490
1808 1611
1809 1221
1809 1400
1810 377
1810 1044
1810 1469
1811 104
1811 1760
1812 653
1812 873
1812 1067
1812 1837
1813 812
1813 1473
1813 1951
1814 768
1814 824
1814 1883
1815 1052
1815 1422
1815 1439
1816 339
1816 1224
1816 1257
1816 1510
1817 768
1817 1743
1817 1986
1818 721
1818 1754
1819 1281
1819 1811
1820 1282
1820 1527
1821 323
1821 377
1821 789
1821 1219
1822 329
1822 1516
1822 1821
1823 695
1824 48
1824 61
1825 240
1825 951
1825 1234
1825 1411
1825 1976
1826 347
1826 370
1826 544
1826 868
1826 1548
1827 443
1827 1055
1828 47
1828 1139
1829 1480
1829 1489
1830 451
1830 972
1830 1603
1830 1649
1830 1728
1831 74
1831 969
1832 847
1832 1074
1832 1291
1833 120
1833 538
1834 376
1834 559
1834 867
1835 62
1835 1007
1835 1145
1835 1558
1836 883
1836 1700
1836 1864
1837 166
1837 1728
1837 1975
1837 2000
1838 1299
1838 1839
1839 711
1839 1677
1840 75
1840 996
1840 1448
1840 1509
1840 1649
1841 8
1841 89
1841 498
1841 687
1841 1336
1842 1409
1843 710
1843 866
1843 1011
1843 1865
1844 933
1844 958
1844 1265
1845 669
1845 1418
1846 91
1846 807
1847 65
1847 1949
1848 268
1848 438
1848 630
1848 1723
1848 1998
1849 561
1849 1270
1849 1911
1850 1459
1851 419
1851 957
1851 1422
1851 1930
1852 78
1852 79
1852 139
1852 1685
1853 1130
1853 1798
1854 213
1855 217
1855 840
1855 1653
1856 558
1856 1169
1856 1182
1856 1288
1857 403
1857 1250
1857 1588
1858 1413
1858 1423
1858 1575
1859 207
1859 511
1860 367
1860 407
1860 444
1860 1090
1861 662
1861 1028
1861 1493
1861 1830
1862 111
1862 296
1862 304
1862 1022
1863 752
1863 1643
1864 203
1864 248
1864 949
1865 6
1865 250
1865 1314
1866 1792
1867 237
1867 300
1867 776
1867 1282
1868 203
1868 1504
1868 1813
1869 443
1869 694
1869 849
1869 909
1869 1977
1870 1349
1870 1353
1870 1815
1871 9
1871 117
1871 338
1871 604
1871 1097
1871 1440
1872 680
1872 1658
1873 232
1873 325
1873 883
1873 1947
1874 274
1874 1902
1875 4
1875 146
1875 169
1875 1320
1875 1602
1875 1631
1875 1834
1876 489
1876 1939
1877 77
1878 1154
1878 1159
1879 270
1879 294
1880 317
1880 457
1880 1361
1880 1693
1880 1972
1881 473
1881 539
1881 815
1881 893
1881 1861
1882 50
1883 781
1883 1003
1883 1224
1883 1332
1884 385
1884 1360
1884 1647
1885 219
1885 414
1885 1948
1886 512
1886 741
1886 977
1888 224
1888 789
1888 965
1888 1739
1889 242
1889 799
1890 251
1890 1103
1890 1690
1891 565
1891 908
1892 408
1892 514
1892 1970
1893 1869
1894 615
1894 674
1894 1221
1894 1677
1895 469
1895 695
1895 1372
1896 586
1896 737
1896 1199
1897 495
1897 508
1897 861
1897 862
1897 1661
1898 74
1898 397
1898 425
1898 1074
1899 560
1899 573
1899 1762
1899 1841
1900 507
1900 877
1900 1711
1901 1604
1902 417
1902 921
1902 1616
1902 1666
1903 125
1903 774
1903 1643
1904 598
1904 922
1904 1344
1904 1759
1905 276
1905 1885
1906 1112
1906 1201
1906 1302
1906 1736
1907 800
1907 1481
1908 569
1908 595
1908 1060
1908 1752
1909 708
1909 965
1910 659
1910 1076
1910 1615
1911 222
1911 689
1911 995
1911 1134
1912 273
1912 974
1912 1970
1913 179
1913 1706
1913 1820
1914 878
1914 986
1915 523
1915 1121
1916 1329
1916 1508
1917 239
1917 1476
1918 456
1918 530
1918 610
1919 378
1919 1135
1919 1485
1920 277
1920 1275
1921 509
1922 683
1922 1379
1922 1387
1922 1510
1923 834
1923 1156
1924 537
1924 1882
1925 501
1925 1579
1926 1695
1926 1704
1926 1756
1927 594
1927 1688
1927 1745
1928 920
1928 1528
1928 1711
1929 726
1929 858
1929 1315
1930 1189
1930 1312
1930 1526
1930 1741
1930 1856
1931 600
1931 982
1931 1731
1932 21
1932 663
1932 1168
1932 1192
1933 551
1933 788
1933 1622
1934 464
1934 561
1934 1143
1934 1171
1934 1544
1935 1073
1935 1205
1936 194
1936 210
1936 1709
1937 744
1937 783
1937 1233
1938 1464
1939 764
1939 1259
1940 483
1940 1161
1940 1244
1940 1665
1940 1684
1941 1064
1942 87
1942 774
1942 1026
1942 1074
1943 1162
1943 1735
1944 28
1944 44
1944 1453
1944 1901
1945 867
1946 28
1946 344
1946 909
1946 1545
1946 1753
1947 628
1948 250
1948 864
1948 977
1948 1260
1949 369
1949 621
1950 1356
1950 1605
1951 139
1951 1813
1952 310
1952 704
1952 718
1952 1319
1953 1498
1953 1836
1953 1917
1954 476
1954 482
1954 525
1954 591
1954 1520
1955 197
1955 832
1955 869
1955 1204
1956 333
1956 632
1956 1266
1957 44
1957 192
1957 199
1957 219
1957 1374
1958 723
1958 947
1959 44
1959 907
1959 1388
1960 1314
1960 1407
1960 1492
1960 1639
1961 138
1961 623
1961 1724
1961 1785
1962 401
1962 1392
1963 301
1963 1871
1964 119
1964 372
1964 463
1964 1788
1964 1918
1965 180
1965 826
1965 1568
1966 1674
1966 1685
1967 239
1967 789
1967 1691
1968 248
1968 629
1968 878
1968 1143
1969 345
1969 411
1969 470
1969 560
1969 1955
1970 584
1970 1203
1970 1283
1971 434
1971 617
1971 1517
1972 310
1972 398
1972 1880
1973 759
1973 901
1973 944
1973 1788
1974 1693
1974 1755
1975 281
1975 1945
1976 49
1976 1194
1976 1213
1976 1352
1977 162
1977 443
1977 1609
1977 1719
1977 1869
1978 366
1978 1801
1979 557
1980 828
1980 1488
1980 1547
1980 1611
1980 1798
1980 1873
1981 595
1981 641
1981 1352
1981 1909
1982 929
1982 1479
1982 1514
1983 543
1983 659
1983 839
1984 37
1984 108
1984 892
1985 29
1985 331
1985 808
1985 1239
1985 1392
1986 1758
1987 349
1987 990
1988 447
1988 1015
1988 1517
1989 315
1989 887
1989 1437
1990 580
1990 766
1990 1456
1991 207
1991 463
1991 906
1991 1143
1991 1249
1992 908
1992 1032
1992 1511
1993 1437
1993 1506
1994 1718
1994 1913
1995 296
1995 688
1995 778
1995 1171
1995 1697
1995 1764
1996 801
1996 1516
1997 346
1997 1229
1997 1412
1998 273
1998 438
1998 630
1998 777
1998 1211
1998 1848
1999 39
1999 406
1999 1149
1999 1405
2000 369
2000 675
2000 869
2000 1539


***This graph contains:****
vertices	    2000
arc	6123
reciprocity	320
AinS(2.00)	5507.59375
AoutS(2.00)	5599.53125
AT-T(2.00)	197.00000
A2P-TD(2.00)	12957.75000

continuousAttribute_diff	6541.91362
continuousAttribute_diff_reciprocity	286.45692

Digraph Density = 0.00153

In-degree Distribution:(range[0..n-1])
2	103	576	688	420	156	46	6	1	2	0	0	0	0	0	0	0	0	0	0	0	0	0	0	0	0	0	0	0	0	0	0	0	0	0	0	0	0	0	0	0	0	0	0	0	0	0	0	0	0	0	0	0	0	0	0	0	0	0	0	0	0	0	0	0	0	0	0	0	0	0	0	0	0	0	0	0	0	0	0	0	0	0	0	0	0	0	0	0	0	0	0	0	0	0	0	0	0	0	0	0	0	0	0	0	0	0	0	0	0	0	0	0	0	0	0	0	0	0	0	0	0	0	0	0	0	0	0	0	0	0	0	0	0	0	0	0	0	0	0	0	0	0	0	0	0	0	0	0	0	0	0	0	0	0	0	0	0	0	0	0	0	0	0	0	0	0	0	0	0	0	0	0	0	0	0	0	0	0	0	0	0	0	0	0	0	0	0	0	0	0	0	0	0	0	0	0	0	0	0	0	0	0	0	0	0	0	0	0	0	0	0	0	0	0	0	0	0	0	0	0	0	0	0	0	0	0	0	0	0	0	0	0	0	0	0	0	0	0	0	0	0	0	0	0	0	0	0	0	0	0	0	0	0	0	0	0	0	0	0	0	0	0	0	0	0	0	0	0	0	0	0	0	0	0	0	0	0	0	0	0	0	0	0	0	0	0	0	0	0	0	0	0	0	0	0	0	0	0	0	0	0	0	0	0	0	0	0	0	0	0	0	0	0	0	0	0	0	0	0	0	0	0	0	0	0	0	0	0	0	0	0	0	0	0	0	0	0	0	0	0	0	0	0	0	0	0	0	0	0	0	0	0	0	0	0	0	0	0	0	0	0	0	0	0	0	0	0	0	0	0	0	0	0	0	0	0	0	0	0	0	0	0	0	0	0	0	0	0	0	0	0	0	0	0	0	0	0	0	0	0	0	0	0	0	0	0	0	0	0	0	0	0	0	0	0	0	0	0	0	0	0	0	0	0	0	0	0	0	0	0	0	0	0	0	0	0	0	0	0	0	0	0	0	0	0	0	0	0	0	0	0	0	0	0	0	0	0	0	0	0	0	0	0	0	0	0	0	0	0	0	0	0	0	0	0	0	0	0	0	0	0	0	0	0	0	0	0	0	0	0	0	0	0	0	0	0	0	0	0	0	0	0	0	0	0	0	0	0	0	0	0	0	0	0	0	0	0	0	0	0	0	0	0	0	0	0	0	0	0	0	0	0	0	0	0	0	0	0	0	0	0	0	0	0	0	0	0	0	0	0	0	0	0	0	0	0	0	0	0	0	0	0	0	0	0	0	0	0	0	0	0	0	0	0	0	0	0	0	0	0	0	0	0	0	0	0	0	0	0	0	0	0	0	0	0	0	0	0	0	0	0	0	0	0	0	0	0	0	0	0	0	0	0	0	0	0	0	0	0	0	0	0	0	0	0	0	0	0	0	0	0	0	0	0	0	0	0	0	0	0	0	0	0	0	0	0	0	0	0	0	0	0	0	0	0	0	0	0	0	0	0	0	0	0	0	0	0	0	0	0	0	0	0	0	0	0	0	0	0	0	0	0	0	0	0	0	0	0	0	0	0	0	0	0	0	0	0	0	0	0	0	0	0	0	0	0	0	0	0	0	0	0	0	0	0	0	0	0	0	0	0	0	0	0	0	0	0	0	0	0	0	0	0	0	0	0	0	0	0	0	0	0	0	0	0	0	0	0	0	0	0	0	0	0	0	0	0	0	0	0	0	0	0	0	0	0	0	0	0	0	0	0	0	0	0	0	0	0	0	0	0	0	0	0	0	0	0	0	0	0	0	0	0	0	0	0	0	0	0	0	0	0	0	0	0	0	0	0	0	0	0	0	0	0	0	0	0	0	0	0	0	0	0	0	0	0	0	0	0	0	0	0	0	0	0	0	0	0	0	0	0	0	0	0	0	0	0	0	0	0	0	0	0	0	0	0	0	0	0	0	0	0	0	0	0	0	0	0	0	0	0	0	0	0	0	0	0	0	0	0	0	0	0	0	0	0	0	0	0	0	0	0	0	0	0	0	0	0	0	0	0	0	0	0	0	0	0	0	0	0	0	0	0	0	0	0	0	0	0	0	0	0	0	0	0	0	0	0	0	0	0	0	0	0	0	0	0	0	0	0	0	0	0	0	0	0	0	0	0	0	0	0	0	0	0	0	0	0	0	0	0	0	0	0	0	0	0	0	0	0	0	0	0	0	0	0	0	0	0	0	0	0	0	0	0	0	0	0	0	0	0	0	0	0	0	0	0	0	0	0	0	0	0	0	0	0	0	0	0	0	0	0	0	0	0	0	0	0	0	0	0	0	0	0	0	0	0	0	0	0	0	0	0	0	0	0	0	0	0	0	0	0	0	0	0	0	0	0	0	0	0	0	0	0	0	0	0	0	0	0	0	0	0	0	0	0	0	0	0	0	0	0	0	0	0	0	0	0	0	0	0	0	0	0	0	0	0	0	0	0	0	0	0	0	0	0	0	0	0	0	0	0	0	0	0	0	0	0	0	0	0	0	0	0	0	0	0	0	0	0	0	0	0	0	0	0	0	0	0	0	0	0	0	0	0	0	0	0	0	0	0	0	0	0	0	0	0	0	0	0	0	0	0	0	0	0	0	0	0	0	0	0	0	0	0	0	0	0	0	0	0	0	0	0	0	0	0	0	0	0	0	0	0	0	0	0	0	0	0	0	0	0	0	0	0	0	0	0	0	0	0	0	0	0	0	0	0	0	0	0	0	0	0	0	0	0	0	0	0	0	0	0	0	0	0	0	0	0	0	0	0	0	0	0	0	0	0	0	0	0	0	0	0	0	0	0	0	0	0	0	0	0	0	0	0	0	0	0	0	0	0	0	0	0	0	0	0	0	0	0	0	0	0	0	0	0	0	0	0	0	0	0	0	0	0	0	0	0	0	0	0	0	0	0	0	0	0	0	0	0	0	0	0	0	0	0	0	0	0	0	0	0	0	0	0	0	0	0	0	0	0	0	0	0	0	0	0	0	0	0	0	0	0	0	0	0	0	0	0	0	0	0	0	0	0	0	0	0	0	0	0	0	0	0	0	0	0	0	0	0	0	0	0	0	0	0	0	0	0	0	0	0	0	0	0	0	0	0	0	0	0	0	0	0	0	0	0	0	0	0	0	0	0	0	0	0	0	0	0	0	0	0	0	0	0	0	0	0	0	0	0	0	0	0	0	0	0	0	0	0	0	0	0	0	0	0	0	0	0	0	0	0	0	0	0	0	0	0	0	0	0	0	0	0	0	0	0	0	0	0	0	0	0	0	0	0	0	0	0	0	0	0	0	0	0	0	0	0	0	0	0	0	0	0	0	0	0	0	0	0	0	0	0	0	0	0	0	0	0	0	0	0	0	0	0	0	0	0	0	0	0	0	0	0	0	0	0	0	0	0	0	0	0	0	0	0	0	0	0	0	0	0	0	0	0	0	0	0	0	0	0	0	0	0	0	0	0	0	0	0	0	0	0	0	0	0	0	0	0	0	0	0	0	0	0	0	0	0	0	0	0	0	0	0	0	0	0	0	0	0	0	0	0	0	0	0	0	0	0	0	0	0	0	0	0	0	0	0	0	0	0	0	0	0	0	0	0	0	0	0	0	0	0	0	0	0	0	0	0	0	0	0	0	0	0	0	0	0	0	0	0	0	0	0	0	0	0	0	0	0	0	0	0	0	0	0	0	0	0	0	0	0	0	0	0	0	0	0	0	0	0	0	0	0	0	0	0	0	0	0	0	0	0	0	0	0	0	0	0	0	0	0	0	0	0	0	0	0	0	0	0	0	0	0	0	0	0	0	0	0	0	0	0	0	0	0	0	0	0	0	0	0	0	0	0	0	0	0	0	0	0	0	0	0	0	0	0	0	0	0	0	0	0	0	0	0	0	0	0	0	0	0	0	0	0	0	0	0	0	0	0	0	0	0	0	0	0	0	0	0	0	0	0	0	0	0	0	0	0	0	0	0	0	0	0	0	0	0	0	0	0	0	0	0	0	0	0	0	0	0	0	0	0	0	0	0	0	0	0	0	0	0	0	0	0	0	0	0	0	0	0	0	0	0	0	0	0	0	0	0	0	0	0	0	0	0	0	0	0	0	0	0	0	0	0	0	0	0	0	0	0	0	0	0	0	0	0	0	0	0	0	0	0	0	0	0	0	0	0	0	0	0	0	0	0	0	0	0	0	0	0	0	0	0	0	0	0	0	0	0	0	0	0	0	0	0	0	0	0	0	0	0	0	0	0	0	0	0	0	0	0	0	0	0	0	0	0	0	0	0	0	0	0	0	0	0	0	0	0	0	0	0	0	0	0	0	0	0	0	0	0	0	0	0	0	0	0	0	0	0	0	0	0	0	0	0	0	0	0	0	0	0	0	0	0	0	0	0	0	0	0	0	0	0	0	0	0	0	0	0	0	0	0	0	0	0	0	0	0	0	0	0	0	0	0	0	0	0	0	0	0	0	0	0	0	0	0	0	0	0	0	0	0	0	0	0	0	0	0	
Standard deviation of in-degree distribution = 1.151252
Skewness of in-degree distribution = 0.625133
Out-degree Distribution:(range[0..n-1])
11	169	547	575	434	199	53	10	2	0	0	0	0	0	0	0	0	0	0	0	0	0	0	0	0	0	0	0	0	0	0	0	0	0	0	0	0	0	0	0	0	0	0	0	0	0	0	0	0	0	0	0	0	0	0	0	0	0	0	0	0	0	0	0	0	0	0	0	0	0	0	0	0	0	0	0	0	0	0	0	0	0	0	0	0	0	0	0	0	0	0	0	0	0	0	0	0	0	0	0	0	0	0	0	0	0	0	0	0	0	0	0	0	0	0	0	0	0	0	0	0	0	0	0	0	0	0	0	0	0	0	0	0	0	0	0	0	0	0	0	0	0	0	0	0	0	0	0	0	0	0	0	0	0	0	0	0	0	0	0	0	0	0	0	0	0	0	0	0	0	0	0	0	0	0	0	0	0	0	0	0	0	0	0	0	0	0	0	0	0	0	0	0	0	0	0	0	0	0	0	0	0	0	0	0	0	0	0	0	0	0	0	0	0	0	0	0	0	0	0	0	0	0	0	0	0	0	0	0	0	0	0	0	0	0	0	0	0	0	0	0	0	0	0	0	0	0	0	0	0	0	0	0	0	0	0	0	0	0	0	0	0	0	0	0	0	0	0	0	0	0	0	0	0	0	0	0	0	0	0	0	0	0	0	0	0	0	0	0	0	0	0	0	0	0	0	0	0	0	0	0	0	0	0	0	0	0	0	0	0	0	0	0	0	0	0	0	0	0	0	0	0	0	0	0	0	0	0	0	0	0	0	0	0	0	0	0	0	0	0	0	0	0	0	0	0	0	0	0	0	0	0	0	0	0	0	0	0	0	0	0	0	0	0	0	0	0	0	0	0	0	0	0	0	0	0	0	0	0	0	0	0	0	0	0	0	0	0	0	0	0	0	0	0	0	0	0	0	0	0	0	0	0	0	0	0	0	0	0	0	0	0	0	0	0	0	0	0	0	0	0	0	0	0	0	0	0	0	0	0	0	0	0	0	0	0	0	0	0	0	0	0	0	0	0	0	0	0	0	0	0	0	0	0	0	0	0	0	0	0	0	0	0	0	0	0	0	0	0	0	0	0	0	0	0	0	0	0	0	0	0	0	0	0	0	0	0	0	0	0	0	0	0	0	0	0	0	0	0	0	0	0	0	0	0	0	0	0	0	0	0	0	0	0	0	0	0	0	0	0	0	0	0	0	0	0	0	0	0	0	0	0	0	0	0	0	0	0	0	0	0	0	0	0	0	0	0	0	0	0	0	0	0	0	0	0	0	0	0	0	0	0	0	0	0	0	0	0	0	0	0	0	0	0	0	0	0	0	0	0	0	0	0	0	0	0	0	0	0	0	0	0	0	0	0	0	0	0	0	0	0	0	0	0	0	0	0	0	0	0	0	0	0	0	0	0	0	0	0	0	0	0	0	0	0	0	0	0	0	0	0	0	0	0	0	0	0	0	0	0	0	0	0	0	0	0	0	0	0	0	0	0	0	0	0	0	0	0	0	0	0	0	0	0	0	0	0	0	0	0	0	0	0	0	0	0	0	0	0	0	0	0	0	0	0	0	0	0	0	0	0	0	0	0	0	0	0	0	0	0	0	0	0	0	0	0	0	0	0	0	0	0	0	0	0	0	0	0	0	0	0	0	0	0	0	0	0	0	0	0	0	0	0	0	0	0	0	0	0	0	0	0	0	0	0	0	0	0	0	0	0	0	0	0	0	0	0	0	0	0	0	0	0	0	0	0	0	0	0	0	0	0	0	0	0	0	0	0	0	0	0	0	0	0	0	0	0	0	0	0	0	0	0	0	0	0	0	0	0	0	0	0	0	0	0	0	0	0	0	0	0	0	0	0	0	0	0	0	0	0	0	0	0	0	0	0	0	0	0	0	0	0	0	0	0	0	0	0	0	0	0	0	0	0	0	0	0	0	0	0	0	0	0	0	0	0	0	0	0	0	0	0	0	0	0	0	0	0	0	0	0	0	0	0	0	0	0	0	0	0	0	0	0	0	0	0	0	0	0	0	0	0	0	0	0	0	0	0	0	0	0	0	0	0	0	0	0	0	0	0	0	0	0	0	0	0	0	0	0	0	0	0	0	0	0	0	0	0	0	0	0	0	0	0	0	0	0	0	0	0	0	0	0	0	0	0	0	0	0	0	0	0	0	0	0	0	0	0	0	0	0	0	0	0	0	0	0	0	0	0	0	0	0	0	0	0	0	0	0	0	0	0	0	0	0	0	0	0	0	0	0	0	0	0	0	0	0	0	0	0	0	0	0	0	0	0	0	0	0	0	0	0	0	0	0	0	0	0	0	0	0	0	0	0	0	0	0	0	0	0	0	0	0	0	0	0	0	0	0	0	0	0	0	0	0	0	0	0	0	0	0	0	0	0	0	0	0	0	0	0	0	0	0	0	0	0	0	0	0	0	0	0	0	0	0	0	0	0	0	0	0	0	0	0	0	0	0	0	0	0	0	0	0	0	0	0	0	0	0	0	0	0	0	0	0	0	0	0	0	0	0	0	0	0	0	0	0	0	0	0	0	0	0	0	0	0	0	0	0	0	0	0	0	0	0	0	0	0	0	0	0	0	0	0	0	0	0	0	0	0	0	0	0	0	0	0	0	0	0	0	0	0	0	0	0	0	0	0	0	0	0	0	0	0	0	0	0	0	0	0	0	0	0	0	0	0	0	0	0	0	0	0	0	0	0	0	0	0	0	0	0	0	0	0	0	0	0	0	0	0	0	0	0	0	0	0	0	0	0	0	0	0	0	0	0	0	0	0	0	0	0	0	0	0	0	0	0	0	0	0	0	0	0	0	0	0	0	0	0	0	0	0	0	0	0	0	0	0	0	0	0	0	0	0	0	0	0	0	0	0	0	0	0	0	0	0	0	0	0	0	0	0	0	0	0	0	0	0	0	0	0	0	0	0	0	0	0	0	0	0	0	0	0	0	0	0	0	0	0	0	0	0	0	0	0	0	0	0	0	0	0	0	0	0	0	0	0	0	0	0	0	0	0	0	0	0	0	0	0	0	0	0	0	0	0	0	0	0	0	0	0	0	0	0	0	0	0	0	0	0	0	0	0	0	0	0	0	0	0	0	0	0	0	0	0	0	0	0	0	0	0	0	0	0	0	0	0	0	0	0	0	0	0	0	0	0	0	0	0	0	0	0	0	0	0	0	0	0	0	0	0	0	0	0	0	0	0	0	0	0	0	0	0	0	0	0	0	0	0	0	0	0	0	0	0	0	0	0	0	0	0	0	0	0	0	0	0	0	0	0	0	0	0	0	0	0	0	0	0	0	0	0	0	0	0	0	0	0	0	0	0	0	0	0	0	0	0	0	0	0	0	0	0	0	0	0	0	0	0	0	0	0	0	0	0	0	0	0	0	0	0	0	0	0	0	0	0	0	0	0	0	0	0	0	0	0	0	0	0	0	0	0	0	0	0	0	0	0	0	0	0	0	0	0	0	0	0	0	0	0	0	0	0	0	0	0	0	0	0	0	0	0	0	0	0	0	0	0	0	0	0	0	0	0	0	0	0	0	0	0	0	0	0	0	0	0	0	0	0	0	0	0	0	0	0	0	0	0	0	0	0	0	0	0	0	0	0	0	0	0	0	0	0	0	0	0	0	0	0	0	0	0	0	0	0	0	0	0	0	0	0	0	0	0	0	0	0	0	0	0	0	0	0	0	0	0	0	0	0	0	0	0	0	0	0	0	0	0	0	0	0	0	0	0	0	0	0	0	0	0	0	0	0	0	0	0	0	0	0	0	0	0	0	0	0	0	0	0	0	0	0	0	0	0	0	0	0	0	0	0	0	0	0	0	0	0	0	0	0	0	0	0	0	0	0	0	0	0	0	0	0	0	0	0	0	0	0	0	0	0	0	0	0	0	0	0	0	0	0	0	0	0	0	0	0	0	0	0	0	0	0	0	0	0	0	0	0	0	0	0	0	0	0	0	0	0	0	0	0	0	0	0	0	0	0	0	0	0	0	0	0	0	0	0	0	0	0	0	0	0	0	0	0	0	0	0	0	0	0	0	0	0	0	0	0	0	0	0	0	0	0	0	0	0	0	0	0	0	0	0	0	0	0	0	0	0	0	0	0	0	0	0	0	0	0	0	0	0	0	0	0	0	0	0	0	0	0	0	0	0	0	0	0	0	0	0	0	0	0	0	0	0	0	0	0	0	0	0	0	0	0	0	0	0	0	0	0	0	0	0	0	0	0	0	0	0	0	0	0	0	0	0	0	0	0	0	0	0	0	0	0	0	0	0	0	0	0	0	0	0	0	0	0	0	0	0	0	0	0	0	0	0	0	0	0	0	0	0	0	0	0	0	0	0	0	0	0	0	0	0	0	0	0	0	0	0	0	0	0	0	0	0	0	0	0	0	0	0	0	0	0	0	0	0	0	0	0	0	0	0	0	0	0	0	0	0	0	0	0	0	0	0	0	0	0	0	0	0	0	0	0	0	0	0	0	0	0	0	0	0	0	0	0	0	0	0	0	0	0	0	
Standard deviation of out-degree distribution = 1.271427
Skewness of out-degree distribution = 0.378130
Corr. Coef. between in and out degree distributions = -0.030595
Mean degree = 3.06150

Global Clustering Coefficients:
Cto =  0.01249
Cti =  0.01296
Ctm =  0.01099
Ccm =  0.00649
AKC-T =  0.01095
AKC-D =  0.01232
AKC-U =  0.01282
AKC-C =  0.00644

Geodesic Distribution:(range[1..n-1,inf])
Note: geodesic = shortest path between two nodes.
The geodesic distribution is not based on semi-paths.
6123	17786	51476	145169	381310	835818	1228795	924544	316253	57528	6701	512	20	0	0	0	0	0	0	0	0	0	0	0	0	0	0	0	0	0	0	0	0	0	0	0	0	0	0	0	0	0	0	0	0	0	0	0	0	0	0	0	0	0	0	0	0	0	0	0	0	0	0	0	0	0	0	0	0	0	0	0	0	0	0	0	0	0	0	0	0	0	0	0	0	0	0	0	0	0	0	0	0	0	0	0	0	0	0	0	0	0	0	0	0	0	0	0	0	0	0	0	0	0	0	0	0	0	0	0	0	0	0	0	0	0	0	0	0	0	0	0	0	0	0	0	0	0	0	0	0	0	0	0	0	0	0	0	0	0	0	0	0	0	0	0	0	0	0	0	0	0	0	0	0	0	0	0	0	0	0	0	0	0	0	0	0	0	0	0	0	0	0	0	0	0	0	0	0	0	0	0	0	0	0	0	0	0	0	0	0	0	0	0	0	0	0	0	0	0	0	0	0	0	0	0	0	0	0	0	0	0	0	0	0	0	0	0	0	0	0	0	0	0	0	0	0	0	0	0	0	0	0	0	0	0	0	0	0	0	0	0	0	0	0	0	0	0	0	0	0	0	0	0	0	0	0	0	0	0	0	0	0	0	0	0	0	0	0	0	0	0	0	0	0	0	0	0	0	0	0	0	0	0	0	0	0	0	0	0	0	0	0	0	0	0	0	0	0	0	0	0	0	0	0	0	0	0	0	0	0	0	0	0	0	0	0	0	0	0	0	0	0	0	0	0	0	0	0	0	0	0	0	0	0	0	0	0	0	0	0	0	0	0	0	0	0	0	0	0	0	0	0	0	0	0	0	0	0	0	0	0	0	0	0	0	0	0	0	0	0	0	0	0	0	0	0	0	0	0	0	0	0	0	0	0	0	0	0	0	0	0	0	0	0	0	0	0	0	0	0	0	0	0	0	0	0	0	0	0	0	0	0	0	0	0	0	0	0	0	0	0	0	0	0	0	0	0	0	0	0	0	0	0	0	0	0	0	0	0	0	0	0	0	0	0	0	0	0	0	0	0	0	0	0	0	0	0	0	0	0	0	0	0	0	0	0	0	0	0	0	0	0	0	0	0	0	0	0	0	0	0	0	0	0	0	0	0	0	0	0	0	0	0	0	0	0	0	0	0	0	0	0	0	0	0	0	0	0	0	0	0	0	0	0	0	0	0	0	0	0	0	0	0	0	0	0	0	0	0	0	0	0	0	0	0	0	0	0	0	0	0	0	0	0	0	0	0	0	0	0	0	0	0	0	0	0	0	0	0	0	0	0	0	0	0	0	0	0	0	0	0	0	0	0	0	0	0	0	0	0	0	0	0	0	0	0	0	0	0	0	0	0	0	0	0	0	0	0	0	0	0	0	0	0	0	0	0	0	0	0	0	0	0	0	0	0	0	0	0	0	0	0	0	0	0	0	0	0	0	0	0	0	0	0	0	0	0	0	0	0	0	0	0	0	0	0	0	0	0	0	0	0	0	0	0	0	0	0	0	0	0	0	0	0	0	0	0	0	0	0	0	0	0	0	0	0	0	0	0	0	0	0	0	0	0	0	0	0	0	0	0	0	0	0	0	0	0	0	0	0	0	0	0	0	0	0	0	0	0	0	0	0	0	0	0	0	0	0	0	0	0	0	0	0	0	0	0	0	0	0	0	0	0	0	0	0	0	0	0	0	0	0	0	0	0	0	0	0	0	0	0	0	0	0	0	0	0	0	0	0	0	0	0	0	0	0	0	0	0	0	0	0	0	0	0	0	0	0	0	0	0	0	0	0	0	0	0	0	0	0	0	0	0	0	0	0	0	0	0	0	0	0	0	0	0	0	0	0	0	0	0	0	0	0	0	0	0	0	0	0	0	0	0	0	0	0	0	0	0	0	0	0	0	0	0	0	0	0	0	0	0	0	0	0	0	0	0	0	0	0	0	0	0	0	0	0	0	0	0	0	0	0	0	0	0	0	0	0	0	0	0	0	0	0	0	0	0	0	0	0	0	0	0	0	0	0	0	0	0	0	0	0	0	0	0	0	0	0	0	0	0	0	0	0	0	0	0	0	0	0	0	0	0	0	0	0	0	0	0	0	0	0	0	0	0	0	0	0	0	0	0	0	0	0	0	0	0	0	0	0	0	0	0	0	0	0	0	0	0	0	0	0	0	0	0	0	0	0	0	0	0	0	0	0	0	0	0	0	0	0	0	0	0	0	0	0	0	0	0	0	0	0	0	0	0	0	0	0	0	0	0	0	0	0	0	0	0	0	0	0	0	0	0	0	0	0	0	0	0	0	0	0	0	0	0	0	0	0	0	0	0	0	0	0	0	0	0	0	0	0	0	0	0	0	0	0	0	0	0	0	0	0	0	0	0	0	0	0	0	0	0	0	0	0	0	0	0	0	0	0	0	0	0	0	0	0	0	0	0	0	0	0	0	0	0	0	0	0	0	0	0	0	0	0	0	0	0	0	0	0	0	0	0	0	0	0	0	0	0	0	0	0	0	0	0	0	0	0	0	0	0	0	0	0	0	0	0	0	0	0	0	0	0	0	0	0	0	0	0	0	0	0	0	0	0	0	0	0	0	0	0	0	0	0	0	0	0	0	0	0	0	0	0	0	0	0	0	0	0	0	0	0	0	0	0	0	0	0	0	0	0	0	0	0	0	0	0	0	0	0	0	0	0	0	0	0	0	0	0	0	0	0	0	0	0	0	0	0	0	0	0	0	0	0	0	0	0	0	0	0	0	0	0	0	0	0	0	0	0	0	0	0	0	0	0	0	0	0	0	0	0	0	0	0	0	0	0	0	0	0	0	0	0	0	0	0	0	0	0	0	0	0	0	0	0	0	0	0	0	0	0	0	0	0	0	0	0	0	0	0	0	0	0	0	0	0	0	0	0	0	0	0	0	0	0	0	0	0	0	0	0	0	0	0	0	0	0	0	0	0	0	0	0	0	0	0	0	0	0	0	0	0	0	0	0	0	0	0	0	0	0	0	0	0	0	0	0	0	0	0	0	0	0	0	0	0	0	0	0	0	0	0	0	0	0	0	0	0	0	0	0	0	0	0	0	0	0	0	0	0	0	0	0	0	0	0	0	0	0	0	0	0	0	0	0	0	0	0	0	0	0	0	0	0	0	0	0	0	0	0	0	0	0	0	0	0	0	0	0	0	0	0	0	0	0	0	0	0	0	0	0	0	0	0	0	0	0	0	0	0	0	0	0	0	0	0	0	0	0	0	0	0	0	0	0	0	0	0	0	0	0	0	0	0	0	0	0	0	0	0	0	0	0	0	0	0	0	0	0	0	0	0	0	0	0	0	0	0	0	0	0	0	0	0	0	0	0	0	0	0	0	0	0	0	0	0	0	0	0	0	0	0	0	0	0	0	0	0	0	0	0	0	0	0	0	0	0	0	0	0	0	0	0	0	0	0	0	0	0	0	0	0	0	0	0	0	0	0	0	0	0	0	0	0	0	0	0	0	0	0	0	0	0	0	0	0	0	0	0	0	0	0	0	0	0	0	0	0	0	0	0	0	0	0	0	0	0	0	0	0	0	0	0	0	0	0	0	0	0	0	0	0	0	0	0	0	0	0	0	0	0	0	0	0	0	0	0	0	0	0	0	0	0	0	0	0	0	0	0	0	0	0	0	0	0	0	0	0	0	0	0	0	0	0	0	0	0	0	0	0	0	0	0	0	0	0	0	0	0	0	0	0	0	0	0	0	0	0	0	0	0	0	0	0	0	0	0	0	0	0	0	0	0	0	0	0	0	0	0	0	0	0	0	0	0	0	0	0	0	0	0	0	0	0	0	0	0	0	0	0	0	0	0	0	0	0	0	0	0	0	0	0	0	0	0	0	0	0	0	0	0	0	0	0	0	0	0	0	0	0	0	0	0	0	0	0	0	0	0	0	0	0	0	0	0	0	0	0	0	0	0	0	0	0	0	0	0	0	0	0	0	0	0	0	0	0	0	0	0	0	0	0	0	0	0	0	0	0	0	0	0	0	0	0	0	0	0	0	0	0	0	0	0	0	0	0	0	0	0	0	0	0	0	0	0	0	0	0	0	0	0	0	0	0	0	0	0	0	0	0	0	0	0	0	0	0	0	0	0	0	0	0	0	0	0	0	0	0	0	0	0	0	0	0	0	0	0	0	0	0	0	0	0	0	0	0	0	0	0	0	0	0	0	0	0	0	0	0	0	0	0	0	0	0	0	0	0	0	0	0	0	0	0	0	0	0	0	0	0	0	0	0	0	0	0	0	0	0	0	0	0	0	0	0	0	0	0	0	0	0	0	0	0	0	0	0	0	0	0	0	0	0	0	0	0	0	0	0	0	0	0	0	0	0	0	0	0	0	0	0	0	0	0	0	0	0	0	0	0	0	0	0	0	0	0	0	0	0	0	0	0	0	0	0	0	0	0	0	0	0	0	0	0	0	0	0	0	0	0	0	0	0	0	0	0	0	0	0	0	0	0	0	0	0	0	0	0	0	25965	
Quartiles of the geodesic distribution.
Note: Quartiles equal to the number of nodes refer to infinite geodesics.
6	7	8	2000	
Triad Census:
300	10
210	6
120C	8
120D	7
120U	17
201	62
111D	1349
111U	1438
030T	64
030C	5
102	636375
021D	6272
021C	14870
021U	6080
012	10897526
003	-111885854
