*vertices 1000
1
2
3
4
5
6
7
8
9
10
11
12
13
14
15
16
17
18
19
20
21
22
23
24
25
26
27
28
29
30
31
32
33
34
35
36
37
38
39
40
41
42
43
44
45
46
47
48
49
50
51
52
53
54
55
56
57
58
59
60
61
62
63
64
65
66
67
68
69
70
71
72
73
74
75
76
77
78
79
80
81
82
83
84
85
86
87
88
89
90
91
92
93
94
95
96
97
98
99
100
101
102
103
104
105
106
107
108
109
110
111
112
113
114
115
116
117
118
119
120
121
122
123
124
125
126
127
128
129
130
131
132
133
134
135
136
137
138
139
140
141
142
143
144
145
146
147
148
149
150
151
152
153
154
155
156
157
158
159
160
161
162
163
164
165
166
167
168
169
170
171
172
173
174
175
176
177
178
179
180
181
182
183
184
185
186
187
188
189
190
191
192
193
194
195
196
197
198
199
200
201
202
203
204
205
206
207
208
209
210
211
212
213
214
215
216
217
218
219
220
221
222
223
224
225
226
227
228
229
230
231
232
233
234
235
236
237
238
239
240
241
242
243
244
245
246
247
248
249
250
251
252
253
254
255
256
257
258
259
260
261
262
263
264
265
266
267
268
269
270
271
272
273
274
275
276
277
278
279
280
281
282
283
284
285
286
287
288
289
290
291
292
293
294
295
296
297
298
299
300
301
302
303
304
305
306
307
308
309
310
311
312
313
314
315
316
317
318
319
320
321
322
323
324
325
326
327
328
329
330
331
332
333
334
335
336
337
338
339
340
341
342
343
344
345
346
347
348
349
350
351
352
353
354
355
356
357
358
359
360
361
362
363
364
365
366
367
368
369
370
371
372
373
374
375
376
377
378
379
380
381
382
383
384
385
386
387
388
389
390
391
392
393
394
395
396
397
398
399
400
401
402
403
404
405
406
407
408
409
410
411
412
413
414
415
416
417
418
419
420
421
422
423
424
425
426
427
428
429
430
431
432
433
434
435
436
437
438
439
440
441
442
443
444
445
446
447
448
449
450
451
452
453
454
455
456
457
458
459
460
461
462
463
464
465
466
467
468
469
470
471
472
473
474
475
476
477
478
479
480
481
482
483
484
485
486
487
488
489
490
491
492
493
494
495
496
497
498
499
500
501
502
503
504
505
506
507
508
509
510
511
512
513
514
515
516
517
518
519
520
521
522
523
524
525
526
527
528
529
530
531
532
533
534
535
536
537
538
539
540
541
542
543
544
545
546
547
548
549
550
551
552
553
554
555
556
557
558
559
560
561
562
563
564
565
566
567
568
569
570
571
572
573
574
575
576
577
578
579
580
581
582
583
584
585
586
587
588
589
590
591
592
593
594
595
596
597
598
599
600
601
602
603
604
605
606
607
608
609
610
611
612
613
614
615
616
617
618
619
620
621
622
623
624
625
626
627
628
629
630
631
632
633
634
635
636
637
638
639
640
641
642
643
644
645
646
647
648
649
650
651
652
653
654
655
656
657
658
659
660
661
662
663
664
665
666
667
668
669
670
671
672
673
674
675
676
677
678
679
680
681
682
683
684
685
686
687
688
689
690
691
692
693
694
695
696
697
698
699
700
701
702
703
704
705
706
707
708
709
710
711
712
713
714
715
716
717
718
719
720
721
722
723
724
725
726
727
728
729
730
731
732
733
734
735
736
737
738
739
740
741
742
743
744
745
746
747
748
749
750
751
752
753
754
755
756
757
758
759
760
761
762
763
764
765
766
767
768
769
770
771
772
773
774
775
776
777
778
779
780
781
782
783
784
785
786
787
788
789
790
791
792
793
794
795
796
797
798
799
800
801
802
803
804
805
806
807
808
809
810
811
812
813
814
815
816
817
818
819
820
821
822
823
824
825
826
827
828
829
830
831
832
833
834
835
836
837
838
839
840
841
842
843
844
845
846
847
848
849
850
851
852
853
854
855
856
857
858
859
860
861
862
863
864
865
866
867
868
869
870
871
872
873
874
875
876
877
878
879
880
881
882
883
884
885
886
887
888
889
890
891
892
893
894
895
896
897
898
899
900
901
902
903
904
905
906
907
908
909
910
911
912
913
914
915
916
917
918
919
920
921
922
923
924
925
926
927
928
929
930
931
932
933
934
935
936
937
938
939
940
941
942
943
944
945
946
947
948
949
950
951
952
953
954
955
956
957
958
959
960
961
962
963
964
965
966
967
968
969
970
971
972
973
974
975
976
977
978
979
980
981
982
983
984
985
986
987
988
989
990
991
992
993
994
995
996
997
998
999
1000
*arcs
1 867
1 955
2 691
2 836
2 914
2 916
2 964
3 300
3 542
4 65
4 192
4 296
4 463
4 529
4 627
4 688
4 793
5 152
5 164
5 260
5 261
5 440
5 475
5 539
5 694
5 837
5 964
6 4
6 9
6 74
6 126
6 200
6 302
6 991
7 140
7 803
8 107
8 116
8 664
8 695
8 716
8 928
8 961
9 6
9 163
9 204
9 206
9 273
9 475
9 864
9 878
10 5
10 51
10 113
10 114
10 183
10 259
10 379
10 694
10 779
11 129
11 136
11 990
12 97
12 254
12 883
13 217
13 290
14 54
14 99
14 269
14 324
14 418
14 437
14 646
14 648
14 833
14 920
14 964
14 981
15 191
15 284
15 512
15 918
15 957
16 26
16 113
16 268
16 502
16 627
16 715
17 318
17 437
17 535
17 574
17 713
17 735
17 843
17 920
17 975
18 158
18 523
18 574
18 793
18 801
18 818
18 885
18 952
19 259
19 280
19 381
19 391
19 486
20 701
21 420
21 495
22 226
22 464
22 483
22 655
22 818
22 863
23 14
23 88
23 94
23 186
23 377
23 497
23 608
23 646
23 735
23 897
23 975
24 595
24 635
24 846
25 818
26 16
26 96
26 152
26 262
26 502
26 656
26 680
26 706
26 956
27 50
27 299
27 480
27 527
27 650
27 834
27 881
27 972
28 60
28 61
28 153
28 170
28 499
28 531
28 566
28 725
28 728
28 979
29 556
29 807
30 302
30 330
30 436
30 452
30 551
30 863
30 918
30 926
30 928
31 246
31 303
31 441
31 464
31 735
31 746
31 953
32 284
32 419
32 749
33 17
33 100
33 338
33 502
33 694
33 958
34 167
34 234
34 458
34 547
34 715
34 908
35 61
35 471
35 498
35 734
35 791
35 833
35 887
35 995
36 483
36 944
37 53
37 250
37 370
37 539
37 544
37 548
37 714
37 756
37 803
38 281
38 590
38 743
39 57
39 62
39 399
39 564
39 569
39 989
39 1000
40 682
40 868
41 154
41 514
41 889
42 556
43 605
43 902
44 66
44 240
44 388
44 452
44 499
44 539
44 620
44 650
44 754
45 145
45 159
45 286
45 320
45 387
45 569
45 814
46 74
46 311
46 705
47 50
47 234
47 292
47 296
47 413
47 465
47 652
47 687
47 775
47 887
47 919
48 71
48 724
49 105
49 162
49 427
49 639
49 719
49 778
50 47
50 57
50 73
50 355
50 448
50 881
50 965
50 972
50 992
51 10
51 13
51 453
51 516
51 520
51 574
51 921
52 577
52 669
52 909
53 357
53 785
53 979
54 61
54 111
54 396
54 520
54 578
54 664
54 801
54 918
54 933
54 981
54 991
55 17
55 240
55 574
55 952
55 991
56 511
56 587
57 39
57 50
57 189
57 282
57 355
57 416
57 448
57 491
57 593
57 982
58 996
59 39
59 48
59 126
59 546
59 666
59 720
59 826
59 847
59 900
60 28
60 88
60 96
60 101
60 319
60 462
60 668
60 765
61 28
61 35
61 54
61 67
61 191
61 278
61 435
61 520
61 616
61 619
61 625
61 703
61 950
62 176
62 202
62 253
62 336
62 538
62 890
62 953
62 969
63 10
63 217
64 84
64 90
64 132
64 197
64 403
64 414
64 463
64 530
64 557
64 813
64 848
64 952
65 240
65 296
65 629
65 703
65 719
65 809
65 863
65 869
65 948
66 27
66 63
66 414
66 580
67 61
67 92
67 153
67 261
67 302
67 325
67 335
67 343
67 619
67 751
67 897
68 267
68 681
68 866
69 302
70 353
70 438
71 503
71 814
72 907
73 112
73 293
73 310
73 336
73 341
73 349
73 761
73 806
73 864
74 6
74 200
74 234
74 286
74 325
74 505
74 512
74 517
74 540
74 814
75 82
75 261
75 379
75 502
75 512
76 28
76 344
76 415
76 499
76 541
76 814
76 840
77 416
77 488
77 583
77 637
77 691
77 705
77 715
78 896
79 329
79 425
80 160
80 238
80 344
80 571
80 694
80 731
80 810
81 28
81 98
81 245
81 571
81 650
81 686
81 787
81 964
81 1000
82 19
82 28
82 312
82 429
82 554
82 600
82 625
82 799
82 884
83 39
83 858
84 64
84 189
84 649
85 580
85 947
86 181
86 698
87 292
87 311
87 414
87 434
87 746
87 926
88 179
88 225
88 558
88 656
88 926
88 932
89 254
89 386
90 222
91 70
91 882
91 894
92 67
92 167
92 241
92 262
92 343
92 568
92 995
93 35
93 85
93 165
93 205
93 250
93 355
93 440
93 474
93 521
93 535
93 625
93 957
94 613
94 665
94 725
95 113
95 148
95 459
95 950
95 952
96 26
96 449
96 461
96 626
96 638
96 663
96 811
97 283
97 448
97 499
97 538
97 725
97 824
97 881
97 903
98 162
98 853
99 14
99 111
99 257
99 436
99 564
99 570
99 688
100 277
100 382
100 705
101 10
101 236
101 265
101 462
101 804
102 412
102 497
103 731
104 704
104 776
104 826
105 5
105 67
105 159
105 232
105 811
105 862
105 923
106 133
107 8
107 125
107 198
107 748
107 904
107 943
108 741
109 144
109 356
109 675
109 762
110 566
110 677
111 199
111 535
111 633
111 730
111 796
111 895
111 945
112 17
112 45
112 73
112 80
112 310
112 540
112 611
112 621
112 771
112 833
112 847
112 881
113 10
113 95
113 162
113 528
113 986
113 987
113 988
114 523
114 611
114 632
114 657
114 683
114 834
114 883
114 912
114 999
115 138
116 49
116 793
116 833
117 75
117 182
117 203
117 273
117 283
117 386
117 458
117 474
117 919
117 972
118 17
118 810
119 803
119 828
119 868
120 221
120 490
121 250
121 304
121 586
121 880
121 884
121 902
122 178
122 181
122 835
123 622
123 629
124 567
124 711
125 107
125 162
125 168
125 463
125 548
125 946
125 986
125 997
126 9
126 234
126 311
126 369
126 569
126 578
126 713
126 832
127 212
127 496
127 639
127 693
127 869
127 922
128 854
128 908
129 121
130 846
131 69
131 150
131 385
131 536
131 719
132 17
132 161
132 168
132 340
132 494
132 893
133 281
133 628
133 939
134 674
134 805
135 385
135 392
135 498
136 145
136 196
136 368
136 855
137 139
137 375
137 423
137 461
137 540
137 620
137 677
137 837
137 981
138 64
138 179
138 189
138 417
138 619
138 726
138 945
138 974
139 137
139 287
139 312
139 429
139 706
140 408
140 997
141 819
142 422
142 453
142 911
142 995
143 19
143 193
143 206
143 425
143 456
143 466
143 547
143 689
143 832
143 859
144 504
145 118
145 360
145 700
145 904
146 101
146 124
147 413
147 466
147 659
148 54
148 95
148 179
148 242
148 360
148 394
148 434
148 577
148 780
148 937
149 782
149 941
151 227
151 647
151 896
152 99
152 168
152 422
152 564
152 694
152 830
152 884
152 890
152 926
152 981
153 116
153 485
153 524
153 631
153 739
153 764
153 833
153 843
154 41
154 709
155 134
156 407
156 544
156 966
157 289
157 336
157 515
157 523
157 546
157 547
157 624
157 720
157 885
158 18
158 101
158 193
158 328
158 418
158 633
158 757
158 829
158 863
159 105
159 170
159 448
159 551
159 619
159 698
159 726
160 18
160 80
160 101
160 197
160 269
160 278
160 317
160 773
161 507
162 545
162 975
163 9
163 112
163 204
163 307
163 341
163 815
163 861
163 948
163 987
164 81
164 217
164 459
164 588
164 612
164 613
164 656
164 688
164 713
164 863
165 34
165 93
165 341
165 345
165 519
165 712
165 714
165 759
165 900
165 908
166 530
166 856
167 34
167 88
167 92
167 200
167 245
167 252
167 724
167 768
167 926
168 125
168 132
168 152
168 256
168 497
168 548
168 754
168 843
169 352
169 795
169 812
170 159
170 265
170 275
170 326
170 381
170 548
170 644
170 661
170 698
170 953
171 529
172 280
172 331
172 604
173 382
174 284
174 364
174 498
174 571
174 843
174 903
175 90
175 118
175 675
176 255
176 370
176 486
176 541
176 715
176 843
176 872
176 964
177 728
178 70
178 276
179 88
179 119
179 148
179 194
179 258
179 286
179 563
179 570
179 908
180 440
180 477
180 564
181 86
181 132
181 183
181 228
181 334
181 342
181 569
181 698
181 740
181 977
182 117
182 437
182 540
182 683
182 811
183 10
183 101
183 181
183 334
183 429
184 3
184 913
185 922
186 72
186 258
187 9
187 54
187 235
187 583
187 623
187 655
187 785
187 863
187 939
188 500
188 575
188 944
189 239
189 502
189 540
189 672
189 756
189 900
189 979
190 191
190 218
191 8
191 15
191 53
191 61
191 116
191 272
191 518
191 614
191 650
191 719
191 894
191 991
192 7
192 547
193 5
193 143
193 158
193 546
193 631
193 933
195 737
196 30
197 27
197 160
197 235
197 346
197 414
198 164
198 239
198 592
198 786
198 863
198 878
198 919
198 920
199 43
199 577
199 910
200 6
200 101
200 204
200 235
200 311
200 689
200 699
200 923
201 147
201 933
202 62
202 262
202 355
202 720
202 778
202 786
202 808
202 880
203 308
203 661
203 699
203 833
203 953
204 39
204 163
204 235
204 236
204 475
204 491
204 667
205 112
205 163
205 307
205 347
205 404
205 728
205 773
205 776
205 886
206 143
206 155
206 238
206 377
206 655
206 905
206 939
206 956
207 47
207 174
207 274
207 275
209 2
209 160
210 375
210 791
211 459
212 31
212 116
212 502
212 524
212 551
212 921
212 928
212 986
213 104
213 587
213 590
213 886
214 760
215 9
215 26
215 195
215 410
216 518
217 315
217 457
217 668
217 864
217 872
218 190
218 209
218 248
219 4
219 49
219 187
219 431
219 444
219 898
219 900
220 604
220 652
220 718
221 1
221 80
221 378
222 50
222 90
222 474
222 965
223 85
223 327
223 575
224 460
224 534
225 223
225 288
225 330
225 369
225 380
225 398
225 483
225 619
225 638
225 752
225 753
226 134
227 700
228 77
228 181
228 245
228 492
228 622
228 637
228 740
228 829
229 259
229 360
229 534
230 238
230 336
230 418
230 457
230 497
230 785
230 933
230 992
231 970
232 79
232 137
232 235
232 261
232 542
232 638
232 806
232 811
232 912
232 919
233 51
233 426
234 34
234 47
234 74
234 264
234 434
234 458
234 507
234 715
235 127
235 187
235 204
235 232
235 338
235 595
235 693
235 863
235 960
236 101
237 468
237 537
238 182
238 230
238 370
238 523
238 583
238 637
239 35
239 204
239 289
239 328
239 562
239 705
239 793
239 927
239 928
239 974
239 993
240 44
240 55
240 116
240 129
240 322
240 384
240 493
240 775
240 928
240 952
241 57
241 92
241 195
241 442
241 528
241 643
241 702
241 911
242 393
242 442
243 141
243 990
244 440
244 695
244 699
244 715
244 833
244 872
244 933
244 937
245 167
245 228
245 282
245 297
245 578
245 768
245 881
245 918
245 949
246 31
246 45
246 180
246 288
246 476
246 562
246 735
247 98
247 243
248 610
249 293
249 844
250 18
250 37
250 190
250 267
250 306
250 380
251 108
252 261
252 377
252 452
252 455
252 502
252 814
252 970
253 275
253 293
253 416
253 464
253 621
253 635
253 688
253 723
253 837
253 925
254 458
254 792
255 890
256 168
256 182
256 364
256 477
256 498
256 527
256 660
256 681
256 893
256 986
257 526
257 601
257 750
257 770
257 787
257 949
257 992
258 313
258 777
259 19
259 52
259 93
259 389
260 163
260 483
260 509
260 518
260 519
260 562
260 586
260 702
260 712
260 862
261 82
261 174
261 245
261 586
261 600
261 769
262 92
262 310
262 448
262 750
262 787
263 203
263 662
264 490
264 516
264 533
264 566
264 663
264 683
264 728
264 733
264 948
265 170
265 341
265 349
265 408
265 881
265 957
266 471
267 52
267 101
267 197
267 340
267 364
267 616
267 640
268 16
268 802
269 14
269 137
269 189
269 246
269 439
269 448
269 551
269 552
269 619
269 646
269 656
269 965
270 404
270 453
270 610
270 628
270 719
271 147
271 272
271 292
271 293
271 526
271 618
271 746
272 34
272 271
272 304
272 326
272 641
272 873
272 884
272 957
273 6
273 31
273 428
273 480
273 485
273 522
273 745
273 919
273 945
274 207
274 259
274 345
274 668
274 727
274 928
274 953
274 956
275 204
275 286
275 295
275 304
275 477
275 515
275 535
275 551
276 368
276 707
277 528
277 737
278 61
278 450
278 580
278 723
278 880
279 123
279 693
279 795
280 19
280 45
280 57
280 461
280 751
280 957
281 128
281 924
282 178
282 334
282 375
282 400
282 464
282 498
282 546
282 713
282 746
282 903
282 985
283 117
283 200
283 483
283 540
283 568
283 570
283 793
283 837
283 900
284 15
284 174
284 349
284 364
284 557
284 618
284 714
284 834
284 837
285 469
285 992
286 45
286 74
286 179
286 207
286 387
286 524
286 540
287 139
287 488
287 930
288 18
288 214
288 225
288 246
288 280
288 372
288 403
288 525
288 621
288 639
288 759
288 871
288 890
288 972
289 77
289 290
289 324
289 614
289 688
289 926
290 13
290 898
290 915
291 520
292 87
292 174
292 271
292 414
292 471
292 574
292 577
292 620
292 881
292 912
293 73
293 232
293 253
293 310
293 316
293 416
293 744
293 795
293 798
293 859
293 863
293 883
294 676
295 17
295 73
295 262
295 952
295 975
296 17
296 307
296 324
296 326
296 453
296 461
296 535
296 541
296 656
296 919
296 946
297 53
297 253
297 757
298 184
298 488
299 82
299 488
299 496
299 656
299 783
299 887
300 271
301 999
302 4
302 217
302 330
302 417
302 433
302 950
303 110
303 264
303 398
303 414
303 703
303 786
303 829
303 834
303 997
304 22
304 313
304 402
304 496
304 757
304 778
305 50
305 336
306 881
307 296
307 324
307 785
307 798
307 911
308 205
309 788
310 51
310 73
310 112
310 225
310 262
310 293
310 753
311 162
311 200
311 340
311 343
311 415
311 558
311 627
311 791
312 82
312 139
312 239
312 429
312 500
312 706
312 774
313 304
313 319
313 422
313 487
313 493
313 516
313 757
313 885
314 332
314 646
315 217
315 433
315 444
315 457
315 719
315 977
316 15
316 201
316 272
316 293
316 304
316 383
316 417
316 425
316 469
316 689
316 734
316 897
316 988
317 870
318 17
318 661
318 885
319 60
319 278
319 313
319 584
319 757
319 887
320 149
320 459
320 930
321 876
322 25
322 211
322 255
323 78
323 568
324 1
324 212
324 278
324 289
324 307
324 326
324 422
324 481
324 498
325 67
325 74
325 458
325 512
325 516
325 751
325 764
326 30
326 379
326 523
326 746
327 85
327 226
327 865
328 269
328 316
328 614
328 703
328 919
328 920
328 978
328 991
329 44
330 30
330 302
330 475
330 498
330 529
330 764
331 276
331 827
331 951
332 110
333 109
333 689
334 181
334 183
334 239
334 256
334 282
334 753
334 773
334 880
334 921
335 165
335 166
335 346
335 355
335 415
335 523
335 561
335 612
335 897
335 987
336 88
336 157
336 230
336 566
336 663
336 992
337 19
337 222
337 240
337 304
337 396
337 401
337 449
337 481
337 610
337 673
337 693
337 703
337 708
337 725
338 33
338 86
338 235
338 479
338 552
338 769
338 917
338 923
338 971
339 747
339 846
339 856
340 132
340 250
340 267
340 311
340 319
340 849
340 982
341 163
341 265
341 519
341 869
341 928
341 972
342 543
343 67
343 92
343 402
343 592
343 725
343 764
344 76
344 369
344 441
344 489
344 635
344 726
344 748
345 31
345 274
345 396
345 425
345 498
345 623
345 774
345 778
345 985
346 117
346 431
346 487
346 518
346 554
346 763
346 920
347 110
347 647
348 358
348 371
348 403
348 508
348 716
348 734
348 925
348 978
349 125
349 265
349 284
349 304
349 396
349 492
349 694
349 720
349 994
350 496
350 704
351 97
351 405
351 538
352 55
352 215
353 271
353 291
353 954
354 126
354 721
355 50
355 57
355 93
355 335
355 440
355 448
355 591
355 952
356 279
356 354
357 31
357 53
357 269
357 403
357 450
357 486
357 631
357 636
357 771
357 979
358 49
358 515
358 537
358 574
358 665
358 832
359 140
359 842
360 169
361 36
361 390
362 338
363 226
363 617
363 836
364 159
364 256
364 284
364 801
364 890
364 952
365 79
366 151
366 327
366 848
367 927
368 864
369 17
369 126
369 225
369 264
369 379
369 458
369 552
369 621
369 945
369 950
370 176
370 182
370 187
370 235
370 298
370 461
370 519
370 553
370 731
370 923
371 95
371 292
371 348
371 541
371 728
371 751
371 829
372 549
372 849
372 947
373 559
373 674
374 15
374 22
374 126
374 159
374 191
374 578
374 628
374 712
375 189
375 207
375 282
375 672
375 716
375 840
376 150
376 950
377 23
377 281
377 483
377 619
377 880
378 420
379 326
379 334
379 374
379 432
379 523
379 637
379 669
380 261
380 338
380 570
380 693
380 748
380 908
381 19
381 95
381 135
381 391
381 441
381 486
381 522
381 661
382 718
383 17
383 229
383 316
383 372
383 425
383 516
383 678
383 804
383 847
383 897
384 194
384 348
384 816
385 463
385 589
386 96
386 117
386 753
386 794
386 998
387 32
387 776
388 841
388 940
389 620
390 32
391 19
391 381
391 465
391 522
391 641
391 787
391 858
391 940
392 406
393 701
393 772
394 545
394 563
395 738
396 148
396 204
396 296
396 337
396 345
396 349
396 509
396 699
396 933
396 937
396 946
397 649
397 718
398 16
398 219
398 225
398 519
398 638
398 746
398 879
398 887
399 39
399 74
399 228
399 481
399 755
399 783
399 992
400 153
400 170
400 238
400 341
400 355
400 524
400 607
400 654
400 804
400 971
401 304
401 337
401 411
401 425
401 481
401 539
401 826
401 832
401 887
401 989
402 192
402 304
402 343
402 551
402 683
402 722
402 742
403 111
403 357
403 358
403 474
403 483
403 627
403 734
403 838
403 933
404 160
404 205
404 270
404 416
404 614
404 619
404 776
404 987
405 247
405 609
406 403
406 465
406 471
407 352
407 687
408 140
408 467
408 965
409 819
410 117
410 605
411 278
411 400
411 401
411 414
411 481
411 638
411 869
412 102
413 369
414 54
414 176
414 292
414 641
414 702
414 770
415 75
415 76
415 112
415 299
415 344
415 431
415 444
415 528
416 293
416 404
416 502
416 705
416 781
416 895
416 920
417 30
417 138
417 427
417 496
417 726
417 776
417 974
418 14
418 144
418 437
418 453
418 633
418 725
418 970
419 429
420 131
420 232
421 49
421 277
421 414
421 556
422 142
422 152
422 526
422 568
422 694
422 716
422 814
422 837
422 912
423 203
423 598
424 941
425 79
425 143
425 270
425 401
425 515
425 564
425 751
425 832
425 997
426 163
426 744
427 300
427 319
427 709
428 273
428 479
428 539
429 139
429 228
429 288
429 312
429 585
429 648
429 681
429 706
429 726
429 753
429 923
430 714
431 168
431 219
431 440
431 465
431 489
431 664
431 706
431 982
431 988
432 71
432 164
432 182
432 503
432 648
432 662
432 809
432 993
433 126
433 287
433 345
433 463
433 640
433 809
434 4
434 87
434 480
434 719
434 746
435 251
435 451
435 510
436 166
436 383
436 454
436 568
436 664
436 740
436 918
437 17
437 117
437 182
437 418
437 633
437 778
438 290
439 233
439 246
439 269
439 475
439 977
440 16
440 244
440 431
440 452
440 651
440 695
440 798
440 937
441 381
441 391
441 464
441 465
441 488
441 554
441 658
441 766
441 831
442 29
443 111
444 219
444 228
444 396
444 415
444 418
444 483
444 920
445 146
446 842
446 996
447 206
447 544
447 823
447 988
448 355
448 453
448 752
448 754
448 903
448 965
449 54
449 96
449 560
449 767
449 902
449 955
449 972
450 35
450 308
450 357
450 439
450 588
450 723
450 771
450 820
450 878
450 887
450 957
451 169
452 27
452 362
452 637
452 865
453 80
453 219
453 448
453 627
453 670
453 903
454 59
454 252
454 262
454 689
454 875
454 900
454 952
455 96
455 205
455 315
455 349
455 502
455 702
455 753
455 833
455 881
456 4
456 275
456 284
456 409
456 455
456 524
456 551
456 558
456 864
457 22
457 217
457 303
457 315
457 355
457 375
457 458
457 491
457 824
457 911
457 989
458 117
458 167
458 325
458 798
458 906
459 340
459 528
459 667
459 725
459 811
460 231
460 470
461 45
461 280
461 369
461 422
461 437
461 485
461 607
461 620
462 55
462 60
462 101
462 706
462 733
462 881
462 883
462 949
462 979
463 99
463 125
463 433
463 548
463 562
463 688
463 719
464 114
464 241
464 253
464 326
464 498
464 523
465 47
465 391
465 441
465 493
465 578
465 818
465 918
465 921
466 741
467 141
467 567
467 826
468 405
468 929
469 197
470 36
470 460
471 137
471 883
472 186
472 488
472 732
473 549
473 584
473 870
474 93
474 107
474 117
474 209
474 222
474 605
474 972
475 193
475 288
475 491
475 548
475 558
475 831
475 985
476 246
476 343
476 487
476 505
476 518
476 527
476 535
476 548
476 678
477 256
477 275
477 756
477 880
477 939
477 1000
478 20
478 281
478 797
479 685
479 802
480 27
480 434
481 101
481 202
481 411
481 639
481 796
481 804
481 998
482 906
483 219
483 230
483 260
483 311
483 621
484 115
484 674
485 153
485 162
485 217
485 273
485 355
485 809
485 847
485 955
485 963
485 985
485 991
486 176
486 357
486 448
486 614
486 636
486 733
486 921
486 964
487 130
487 313
487 346
487 476
487 505
487 518
487 535
487 599
487 625
487 703
487 763
487 830
487 852
488 11
488 213
488 299
488 525
488 555
488 715
488 740
489 184
489 202
489 318
489 344
489 377
489 519
489 955
490 125
490 172
490 703
491 152
491 189
491 293
491 457
491 475
491 792
491 862
491 864
492 139
492 228
492 278
492 312
492 349
492 429
492 880
492 937
492 1000
493 4
493 7
493 161
493 910
494 175
494 601
495 124
495 438
496 120
496 127
496 299
496 350
496 457
496 488
496 525
496 529
496 744
496 804
496 912
497 230
497 305
497 586
497 593
497 752
497 761
497 939
497 945
497 957
498 35
498 436
498 580
498 611
498 753
498 764
498 825
499 28
499 44
499 97
499 230
499 449
499 528
499 566
499 721
499 776
500 240
500 546
501 570
501 743
502 16
502 26
502 33
502 420
502 530
503 432
503 752
503 839
503 874
505 422
505 431
505 476
505 487
505 512
505 518
505 600
505 610
505 722
506 566
506 627
507 184
507 234
508 228
508 537
509 163
509 164
509 250
509 260
509 396
509 402
509 488
509 547
509 946
510 901
511 56
511 792
512 75
512 325
512 348
512 505
512 722
512 946
513 387
513 671
514 500
514 530
514 850
515 125
515 157
515 336
515 358
515 425
515 765
515 832
515 859
515 950
516 14
516 75
516 162
516 264
516 312
516 383
516 416
516 527
516 564
516 774
516 920
517 940
518 125
518 189
518 204
518 346
518 382
518 398
518 487
518 505
518 928
518 948
518 988
519 59
519 370
519 489
519 577
519 618
519 695
519 948
520 61
520 192
520 341
520 425
520 522
520 634
520 667
520 895
520 921
521 16
521 321
521 583
521 936
522 66
522 160
522 244
522 381
522 465
522 566
522 612
522 623
522 658
522 778
522 946
523 25
523 114
523 238
523 379
523 637
523 724
523 832
523 898
524 153
524 212
524 400
524 706
524 826
524 843
525 135
525 370
525 639
525 715
525 752
526 456
526 536
526 928
527 225
527 256
527 476
527 568
527 678
527 948
528 283
528 373
528 440
528 643
528 867
529 34
529 152
529 488
529 496
529 685
529 988
530 116
530 399
530 580
530 884
530 986
531 17
531 28
531 143
531 252
531 299
531 398
531 625
531 809
531 832
531 859
532 139
532 257
532 562
532 566
532 666
532 716
532 753
533 13
533 103
533 582
533 692
533 940
534 123
534 224
535 17
535 93
535 219
535 496
535 639
535 777
535 817
535 908
536 62
536 122
536 512
537 434
537 444
538 49
538 127
538 583
538 611
538 663
538 678
538 722
538 982
539 5
539 37
539 44
539 203
539 401
539 499
540 29
540 74
540 112
540 189
540 265
540 283
540 286
540 415
540 890
540 900
541 76
541 176
541 251
541 293
541 296
541 371
541 415
541 433
541 625
541 919
542 27
542 232
542 500
542 591
542 612
542 779
542 784
542 843
542 893
542 952
543 222
543 922
544 579
545 394
545 730
546 193
546 307
546 412
546 531
546 626
546 720
546 768
547 76
547 107
547 192
547 459
547 688
547 890
548 37
548 125
548 152
548 168
548 421
548 698
548 726
549 156
549 361
549 588
550 126
550 353
550 888
551 30
551 212
551 275
551 325
551 456
551 568
551 921
552 189
552 338
552 433
552 569
552 614
552 770
552 810
553 38
553 170
553 461
553 693
553 960
554 94
554 113
554 913
555 478
555 739
556 12
556 294
557 64
557 142
557 154
557 284
557 491
557 612
557 631
557 701
557 753
557 862
557 952
558 88
558 179
558 344
558 424
558 431
558 656
558 809
559 97
559 234
559 296
559 318
559 373
559 547
559 695
559 786
559 897
560 673
561 319
561 335
561 797
561 847
562 54
562 107
562 270
562 355
562 384
562 565
562 621
562 630
562 766
563 179
563 257
563 398
563 413
563 434
563 596
563 666
563 975
564 99
564 371
564 748
564 880
564 884
564 992
565 930
566 39
566 336
566 357
566 414
566 499
566 663
567 85
567 337
568 17
568 142
568 162
568 167
568 283
568 323
568 422
568 549
568 824
568 837
568 995
569 138
569 181
569 189
569 284
569 381
569 740
569 763
569 798
569 948
570 99
570 167
570 179
570 380
570 626
570 648
570 757
570 908
571 81
571 103
571 314
571 333
571 336
571 656
571 864
573 130
573 376
573 684
574 15
574 55
574 292
574 472
574 677
574 754
574 875
574 964
575 137
575 839
576 419
576 471
577 148
577 160
577 292
577 690
577 739
577 780
578 54
578 62
578 126
578 628
578 768
579 544
580 59
580 66
580 319
580 450
580 452
580 716
580 826
580 980
580 982
581 866
582 262
582 730
583 16
583 105
583 628
583 735
583 988
584 648
584 962
585 406
585 816
586 16
586 121
586 497
586 583
586 614
586 688
586 714
586 872
586 919
587 104
587 213
587 586
588 597
588 815
589 899
589 954
590 334
590 816
590 825
591 301
591 355
591 552
591 618
591 623
591 751
591 753
591 782
591 881
591 952
591 981
592 125
592 343
592 512
592 562
592 661
592 984
593 714
594 309
594 588
594 761
595 74
596 571
596 957
597 172
597 813
598 376
598 555
599 598
599 606
599 681
599 968
600 15
600 19
600 82
600 168
600 625
600 843
601 48
601 350
602 247
603 140
603 251
603 413
603 855
604 325
604 508
605 390
605 869
606 739
607 461
608 659
609 252
609 347
610 176
610 197
610 270
610 450
610 505
610 667
610 776
610 872
610 911
610 953
611 17
611 112
611 375
611 436
611 538
611 547
611 694
611 818
611 824
611 982
612 127
612 164
612 436
612 463
612 542
612 557
612 567
612 745
612 811
612 955
613 91
613 433
614 2
614 101
614 157
614 176
614 244
614 289
614 404
614 486
614 964
615 240
615 427
615 553
616 22
616 61
616 73
616 267
616 357
616 483
616 529
616 771
616 804
616 832
616 922
616 973
616 1000
617 332
617 583
618 18
618 124
618 271
618 733
618 945
618 957
619 67
619 269
619 529
620 20
620 44
620 137
620 270
620 389
620 461
620 540
620 653
621 53
621 310
621 369
621 411
622 392
622 611
622 923
623 56
623 59
623 66
623 187
623 235
623 522
623 539
623 633
623 771
624 175
625 37
625 61
625 82
625 262
625 481
625 541
625 600
625 787
625 804
625 961
626 239
626 275
626 280
626 336
626 449
626 462
626 541
626 716
626 981
627 16
627 416
627 570
627 679
627 719
627 796
627 850
627 857
627 971
627 997
628 270
628 374
628 578
628 580
628 688
628 959
629 65
629 573
629 785
629 855
630 282
630 999
631 5
631 40
631 77
631 193
631 312
631 337
631 538
631 648
631 708
631 975
631 985
632 39
632 83
633 158
633 380
633 418
633 623
633 678
633 905
634 846
634 923
635 253
635 462
635 474
635 620
635 666
635 875
636 252
636 259
636 357
636 396
636 424
636 486
636 563
636 565
636 921
637 33
637 64
637 66
637 238
637 250
637 379
637 499
637 523
637 724
637 725
638 54
638 96
638 225
638 398
638 731
638 750
638 768
639 32
639 127
639 143
639 265
639 288
639 426
639 474
639 489
639 496
639 525
639 535
639 666
639 733
640 244
640 261
640 267
640 328
640 433
640 463
640 498
640 664
640 890
641 49
641 183
641 272
641 414
641 702
641 778
641 884
641 908
641 911
641 918
641 922
642 367
642 441
643 294
643 892
644 754
645 52
645 707
646 269
646 295
646 365
646 431
646 529
646 619
646 871
647 220
647 729
648 14
648 230
648 429
648 523
648 566
648 771
648 920
648 971
649 610
650 27
650 44
650 623
650 753
650 942
651 106
651 569
651 666
651 766
651 779
651 830
652 332
652 699
653 24
653 765
653 842
654 851
655 22
655 477
655 654
655 863
656 571
656 704
656 753
656 864
656 998
657 386
657 412
658 19
658 58
658 153
658 197
658 203
658 338
658 381
658 441
658 470
658 548
658 708
658 975
659 160
659 585
660 672
661 253
661 294
661 381
661 421
661 699
661 719
661 773
662 171
663 96
663 264
663 414
663 504
663 525
663 538
663 566
663 639
663 897
663 953
664 107
664 181
664 436
664 614
664 640
664 716
664 740
664 809
664 868
664 988
665 355
665 877
665 942
666 158
666 179
666 532
666 635
666 651
666 663
667 17
667 198
667 259
667 280
667 411
667 459
667 520
667 650
667 703
667 911
668 208
668 717
669 714
669 822
670 104
670 354
670 624
671 214
671 556
671 942
672 189
672 375
672 569
672 611
672 728
672 748
672 972
673 184
673 428
673 667
674 321
674 484
674 603
674 833
675 963
676 599
676 602
677 367
678 36
678 57
678 383
678 538
678 633
678 734
678 881
678 905
678 939
679 227
679 916
680 185
680 767
680 800
681 593
681 976
682 635
683 114
683 158
683 402
683 417
683 520
683 569
683 722
683 981
684 210
685 34
685 697
686 634
687 216
687 241
688 534
688 547
688 586
688 716
688 1000
689 87
689 122
689 440
689 487
689 655
689 720
690 180
691 65
691 298
691 353
692 388
692 843
692 929
693 99
693 127
693 304
693 337
693 380
693 480
693 508
693 520
693 973
694 5
694 33
694 152
694 217
694 502
694 620
694 738
694 837
695 8
695 59
695 440
695 519
695 559
695 648
695 834
695 898
696 19
696 513
697 467
697 741
697 814
698 170
698 181
698 207
698 280
698 448
699 142
699 203
699 396
699 656
699 661
699 695
700 365
700 584
700 786
701 840
702 80
702 241
702 371
702 455
702 542
702 641
702 712
702 793
702 911
703 65
703 285
703 328
703 477
703 541
703 610
703 667
703 804
703 939
703 953
704 608
705 111
705 270
705 384
705 566
705 595
705 731
705 757
705 863
706 431
706 462
706 518
706 824
706 923
707 74
707 446
708 101
708 130
708 168
708 337
708 484
708 600
708 631
708 955
709 224
709 934
709 946
710 630
711 356
712 93
712 168
712 260
712 374
712 479
712 483
713 17
713 162
713 189
713 240
713 628
713 755
713 986
714 37
714 121
714 162
714 302
714 480
714 539
714 586
715 34
715 44
715 176
715 244
715 522
715 529
715 578
715 830
715 833
716 6
716 8
716 74
716 158
716 238
716 348
716 450
716 611
716 664
716 688
716 814
717 443
717 668
718 488
718 825
719 49
719 65
719 270
719 434
719 661
720 357
720 429
720 546
720 689
720 768
720 899
721 51
721 817
722 17
722 295
722 349
722 390
722 505
722 512
722 538
722 551
722 778
722 872
723 29
723 253
723 283
723 346
723 837
723 862
723 902
724 142
724 374
724 465
724 558
724 781
724 811
724 957
725 28
725 348
725 418
725 560
725 869
725 903
726 82
726 139
726 275
726 344
726 417
726 429
726 459
726 591
726 766
726 974
727 801
728 167
728 205
728 270
728 432
728 449
728 465
728 672
729 309
729 762
730 305
731 34
731 80
731 252
731 370
731 418
731 493
731 566
731 705
731 793
731 824
731 853
732 838
733 179
733 225
733 264
733 462
733 486
733 639
733 692
733 872
734 70
734 163
734 307
734 348
734 403
734 678
734 720
735 249
735 535
735 583
735 897
736 200
736 555
737 167
737 195
738 378
738 395
738 797
739 848
740 12
740 153
740 181
740 183
740 228
740 429
740 436
740 583
740 652
740 664
740 716
741 938
742 75
742 266
743 38
744 353
744 426
744 860
745 19
745 886
745 922
746 87
746 271
746 282
746 292
746 398
746 425
746 434
746 519
746 751
746 972
747 407
748 107
748 344
748 371
748 400
748 564
748 708
748 830
748 971
749 154
749 851
750 257
750 262
750 638
750 787
750 884
751 67
751 80
751 325
751 519
751 581
751 661
751 900
752 42
752 49
752 63
752 111
752 137
752 303
752 448
752 515
752 525
752 650
752 663
752 735
752 916
752 971
753 225
753 232
753 398
753 416
753 455
753 656
753 779
754 44
754 292
754 302
754 448
754 525
754 574
754 786
754 806
754 867
754 1000
755 5
755 379
755 399
755 661
755 664
755 744
755 864
756 37
756 116
756 188
756 539
756 558
756 772
756 845
756 907
756 952
756 960
757 18
757 297
757 304
757 313
757 412
757 501
758 572
758 967
759 30
759 92
759 142
759 165
759 263
759 398
759 572
759 721
759 776
760 186
760 214
761 198
761 594
761 684
762 69
762 888
762 984
763 162
763 319
763 346
763 436
763 887
763 936
764 111
764 330
764 343
764 566
764 878
764 918
764 943
765 137
765 435
765 775
766 128
766 182
766 264
766 315
766 488
766 778
766 779
766 974
767 289
767 650
767 859
768 167
768 245
768 411
768 546
768 578
768 638
768 720
768 925
769 153
769 430
770 230
770 414
770 525
770 552
770 613
770 641
770 646
770 833
770 937
770 992
771 206
771 262
771 357
771 444
771 450
771 476
771 616
771 935
772 374
772 385
773 334
773 458
773 527
773 535
773 873
773 905
773 921
774 55
774 107
774 296
774 312
774 491
774 528
774 955
775 248
775 608
775 821
776 205
776 345
776 404
776 417
776 454
776 759
776 769
776 911
777 535
778 55
778 199
778 437
778 699
778 923
778 975
779 39
779 66
779 492
779 543
779 651
779 715
779 753
779 766
779 974
780 301
781 416
781 680
782 229
782 237
782 788
782 924
782 932
783 199
783 223
783 319
784 542
784 879
785 53
785 706
785 826
785 971
786 182
786 315
786 495
786 621
786 747
786 827
787 102
787 235
787 257
787 391
787 418
787 663
787 750
788 1
788 807
789 686
790 851
791 232
791 516
791 576
792 431
792 770
793 239
793 273
793 611
793 734
793 754
793 823
794 836
795 169
795 293
796 56
796 223
796 399
796 481
796 546
796 627
796 768
796 862
797 561
797 717
798 80
798 168
798 307
798 440
798 651
798 695
798 833
798 948
798 982
799 300
799 373
800 282
801 54
801 148
801 366
801 832
801 890
801 956
802 268
802 626
802 662
803 19
803 860
804 101
804 302
804 324
804 383
804 481
804 606
804 636
804 703
804 979
805 884
806 4
806 99
806 122
806 143
806 264
806 480
806 707
806 754
806 912
806 948
807 980
808 15
808 653
809 82
809 108
809 207
809 531
809 558
809 804
809 956
810 118
811 159
811 319
811 374
811 483
811 612
811 703
811 878
811 886
813 403
813 597
814 76
814 163
814 422
814 497
814 893
815 329
815 397
816 190
816 458
816 585
818 22
818 112
818 119
818 278
818 477
818 524
818 611
818 989
818 991
819 409
820 992
821 670
821 853
822 864
823 445
823 654
824 97
824 457
824 706
824 733
824 962
824 985
825 404
825 590
826 59
826 473
826 776
827 331
827 470
828 935
829 228
829 245
829 275
829 383
829 391
829 564
829 637
829 826
829 953
830 152
830 225
830 282
830 288
830 330
830 485
830 635
830 651
830 714
830 981
831 529
832 126
832 143
832 401
832 425
832 515
832 523
832 592
832 678
832 700
832 911
832 956
833 14
833 35
833 116
833 203
833 734
833 933
834 22
834 174
834 274
834 284
834 286
834 375
834 568
834 573
834 695
834 728
834 786
834 938
835 292
836 14
836 363
836 578
837 5
837 8
837 39
837 253
837 283
837 284
837 313
837 568
837 694
837 723
837 948
838 732
838 780
838 929
839 21
840 375
840 758
841 196
841 518
842 359
842 446
842 940
843 160
843 168
843 524
843 676
843 781
843 997
844 478
844 823
844 889
845 109
845 234
846 114
846 339
846 492
847 97
847 221
847 280
847 383
847 485
847 528
847 953
848 366
848 636
849 198
849 774
850 451
850 627
851 654
852 289
853 55
853 945
854 360
854 852
854 891
855 136
855 977
856 364
856 439
856 872
857 803
858 514
858 850
858 949
858 968
859 128
859 293
859 362
859 491
859 515
859 955
860 440
861 408
861 710
862 33
862 105
862 142
862 262
862 403
862 530
862 538
862 557
862 723
862 824
862 974
863 22
863 30
863 187
863 193
863 235
863 283
864 139
864 491
864 571
864 656
865 85
865 159
865 631
866 280
866 950
866 969
867 601
867 663
867 703
868 40
869 126
869 303
869 341
869 369
869 539
869 604
869 627
870 38
870 791
871 460
871 934
872 197
872 244
872 532
872 575
872 586
872 829
872 979
873 965
874 336
874 415
874 452
874 932
875 414
875 635
876 727
876 758
877 355
877 665
878 38
878 265
878 416
878 439
878 450
878 592
878 920
878 974
879 13
879 784
879 944
880 46
880 202
880 377
880 411
880 481
880 492
880 673
881 112
881 245
881 265
881 522
881 611
881 678
881 902
882 744
883 4
883 121
883 137
883 202
883 462
883 519
884 77
884 152
884 272
884 320
884 379
884 530
884 641
884 843
885 157
885 313
885 318
885 319
885 325
885 614
885 713
885 757
886 521
887 65
887 89
887 299
887 319
887 401
887 548
887 763
887 826
887 928
888 969
889 550
889 844
889 871
890 68
890 111
890 152
890 288
890 511
890 640
891 2
891 457
892 389
892 568
893 132
893 437
893 482
894 323
894 445
895 185
895 900
896 151
896 421
896 703
897 23
897 101
897 299
897 316
897 383
897 663
897 735
897 736
897 880
898 302
898 523
898 702
898 731
898 779
898 926
898 961
899 912
900 96
900 189
900 219
900 540
900 661
900 751
900 847
900 895
901 510
901 704
902 8
902 58
902 477
902 723
902 764
902 793
902 880
903 97
903 174
903 340
903 448
903 453
903 725
903 816
903 890
904 107
904 967
905 148
905 206
905 633
905 646
905 666
905 688
905 773
905 789
905 832
906 78
906 910
907 72
907 120
908 34
908 165
908 380
908 386
908 479
908 570
908 616
908 713
909 456
909 799
909 874
909 966
910 298
910 461
910 493
911 205
911 241
911 600
911 610
911 641
911 667
911 776
911 832
912 476
912 496
912 621
912 672
912 771
912 864
913 500
913 764
914 27
914 194
914 249
915 322
915 934
917 592
918 60
918 436
918 454
918 764
918 883
918 925
918 961
919 4
919 6
919 198
919 296
919 364
919 453
919 533
919 541
919 688
920 64
920 198
920 245
920 262
920 318
920 416
920 437
920 447
920 646
920 648
920 878
921 261
921 416
921 465
921 486
921 517
921 520
921 636
922 125
922 127
922 259
922 281
922 616
922 713
922 768
922 918
923 55
923 173
923 200
923 429
923 902
924 24
924 174
925 114
925 349
925 427
925 436
925 547
925 768
925 832
925 893
925 918
925 946
926 30
926 167
926 187
926 289
926 417
926 614
926 724
926 726
926 733
927 19
927 788
928 47
928 274
928 341
928 578
928 715
928 757
929 173
929 637
929 772
930 171
930 381
931 530
931 582
931 718
933 4
933 62
933 230
933 336
933 396
933 833
933 956
933 989
934 622
934 871
935 133
935 828
935 832
936 249
936 776
937 6
937 18
937 198
937 244
937 303
937 318
937 440
937 627
937 923
938 19
938 538
938 679
939 95
939 116
939 125
939 187
939 477
939 703
939 804
939 926
939 986
940 350
940 564
941 149
941 615
942 216
942 808
943 647
944 36
944 131
944 829
944 845
945 51
945 76
945 344
945 355
945 458
945 474
945 522
945 635
946 125
946 296
946 396
946 497
946 512
946 522
946 645
946 719
946 806
946 925
947 372
947 841
948 257
948 264
948 527
948 757
948 798
948 859
949 136
949 243
950 18
950 61
950 162
950 515
950 616
950 748
950 973
950 1000
951 21
951 301
952 240
952 355
952 454
952 542
952 591
952 702
952 756
953 179
953 203
953 274
953 319
953 443
953 497
953 610
953 663
953 728
953 973
954 506
954 589
955 28
955 71
955 148
955 612
955 698
955 720
955 806
956 23
956 177
956 206
956 259
956 329
956 370
956 523
956 534
956 768
956 801
956 832
957 95
957 111
957 202
957 244
957 272
957 336
957 477
957 493
957 498
958 33
958 186
959 8
960 217
960 239
960 326
960 553
960 735
960 756
961 97
961 233
961 272
961 404
961 633
961 774
961 948
962 839
963 985
964 14
964 19
964 81
964 614
964 809
964 824
964 920
964 988
965 50
965 60
965 431
965 448
965 698
965 725
965 903
966 909
967 758
968 275
969 400
969 685
969 888
970 231
970 921
971 286
971 338
971 566
971 627
971 785
971 987
972 111
972 117
972 474
972 672
972 746
973 96
973 164
973 200
973 288
973 448
973 616
973 688
973 693
973 820
973 950
973 953
973 1000
974 138
974 262
974 275
974 417
974 516
974 559
974 696
974 726
974 766
974 770
974 779
974 897
975 23
975 271
975 461
975 563
975 658
975 786
976 735
977 181
977 315
977 432
977 444
977 991
978 328
978 502
978 985
979 17
979 53
979 357
979 450
979 462
979 502
979 623
979 663
979 706
979 736
979 804
979 920
980 780
981 64
981 152
981 165
981 304
981 644
981 651
981 683
982 10
982 386
982 425
982 440
982 538
982 580
982 678
982 798
982 914
983 506
983 550
983 976
984 381
985 60
985 116
985 345
985 475
985 641
985 824
985 829
986 102
986 125
986 143
986 168
986 256
986 444
986 461
986 997
987 37
987 67
987 163
987 181
987 235
987 310
987 416
987 433
987 635
987 822
987 975
988 81
988 337
988 451
988 529
988 556
988 583
988 625
988 712
988 774
988 964
989 44
989 68
989 95
989 193
989 398
989 418
989 457
989 564
989 621
989 631
990 581
991 44
991 475
991 485
991 499
991 993
992 4
992 43
992 50
992 63
992 81
992 152
992 214
992 230
992 270
992 336
992 530
992 564
992 641
992 757
992 770
993 239
994 5
994 551
994 785
994 822
995 92
995 189
995 498
995 568
995 657
995 988
996 803
997 19
997 125
997 265
997 425
997 498
997 746
997 986
998 325
998 386
998 452
998 481
998 611
998 801
998 958
999 301
1000 16
1000 81
1000 245
1000 336
1000 477
1000 492
1000 551
1000 627
1000 881
1000 950
1000 973
100 100
200 200
300 300
400 400
500 500
600 600
700 700
