conattrP
-0.222131
2.681328
0.583636
0.818175
-1.326324
0.595615
-1.460508
0.826758
0.682495
0.823243
-0.128459
0.804569
1.284750
1.223553
-0.580087
0.007656
-0.515990
1.186236
-0.548915
-0.551495
-0.318484
0.579884
0.067617
0.996400
0.379587
-0.009493
1.019056
-1.163577
-0.511103
1.132626
0.062895
0.202668
1.216202
-0.737813
-0.420301
-0.564322
0.212816
-0.136798
0.797817
-0.275831
-0.231212
2.463830
0.938833
-1.622192
-2.064738
1.387467
1.648307
0.199161
-1.598618
-0.601302
-1.130681
0.794711
-0.070130
-0.662389
0.257985
-0.840758
-1.356964
-0.612018
-0.006151
0.438288
0.959892
1.869864
-0.490772
-0.099536
0.304750
0.439044
1.370719
2.158926
0.419718
-0.566131
-0.587007
-0.013280
0.905619
0.683228
0.080651
-0.417548
-0.681726
0.899121
-0.831810
-1.458144
0.732620
0.095467
1.033092
2.967615
-0.788420
-2.806886
0.275454
-0.462257
-0.294299
-0.298265
0.529712
-0.549739
-2.049852
0.341716
1.223688
0.065680
-0.372872
-0.420950
-0.027647
1.069794
1.231388
1.019612
0.164894
0.032676
-0.265652
-0.361172
-1.083825
-0.472847
0.515913
-0.144688
0.565953
-0.389004
-0.434307
-0.529038
1.100404
-1.071299
-1.016424
1.607580
2.063907
-1.151381
-1.324928
1.073216
0.010990
-0.549078
-0.718292
0.074483
2.078595
-1.913281
-1.158034
-0.005782
1.173138
-1.218271
-0.091641
0.720598
0.785614
0.430273
-0.697452
-1.460253
0.024002
0.081882
0.216015
-1.426924
-0.421853
0.351483
-1.534971
0.281192
0.298299
-1.605536
-0.341248
0.770770
-1.202972
-0.930869
-1.141137
1.252312
-0.019699
-0.836654
-0.539914
-0.640219
-1.396117
1.709868
2.463790
-0.308343
0.298909
-1.140264
-2.024596
-2.011847
1.106055
-1.482526
-0.100135
-0.197154
-0.065086
0.738197
-0.459587
-0.632455
1.000400
-0.355792
-1.793418
1.274549
-0.213722
0.073836
0.189410
-0.334273
0.409821
-0.243557
-0.135616
1.181077
-1.629469
1.132652
-1.647207
-1.399918
0.127367
-0.098462
0.605283
-1.855711
-1.741238
-0.707762
0.123697
0.818498
-0.332490
-0.035970
-0.409470
-0.504177
0.883977
1.408736
0.749553
-0.901284
1.788673
0.168326
-2.102591
-0.180579
-0.795075
0.254417
0.228555
0.322419
0.557680
-0.828950
0.089965
1.279544
0.884529
-0.757483
-0.322540
-0.480255
-0.736236
0.879941
0.705863
0.011513
0.630326
1.112998
0.955166
1.105498
-0.927221
-1.026117
0.284483
0.719254
-0.796998
0.433021
0.263668
-1.198714
-0.804046
-0.205731
1.481096
-0.397580
-0.585305
0.558515
0.539670
-0.640253
0.478654
0.512717
-0.142589
0.873873
-0.312164
0.573953
0.542231
-0.700099
0.307596
-1.050073
0.358673
0.269318
0.360021
0.386159
1.264227
2.079634
1.279166
-2.147711
2.123643
-0.219595
-0.518900
-0.746837
1.931961
-1.620086
-1.129859
0.081367
-1.929994
-2.084681
-0.261404
-2.357577
-1.794678
-0.481226
0.339399
-0.242577
-1.502926
0.569386
0.426022
0.561240
0.115805
-1.088827
-0.520517
1.375410
-0.581812
-0.351833
2.499457
0.299050
-0.992908
0.190014
1.597961
0.305343
0.780578
-0.779207
0.867838
0.220590
0.545125
-0.218939
-0.167278
0.904324
-0.916495
0.544947
2.305512
-0.064602
1.202440
-1.729001
-1.641593
-2.194042
1.942830
-0.900608
-2.241261
-1.111052
-2.129081
0.392951
0.914975
-0.001775
-0.228801
0.070895
-0.921119
0.459539
0.310514
-0.210519
-0.031175
0.081699
-2.169279
1.344774
-1.360886
-0.434536
-0.160308
0.423210
0.089617
-0.866000
1.576639
0.214952
0.279061
0.591947
-0.283637
-0.579319
-0.136368
1.734835
0.003628
1.017833
0.017138
0.736704
0.029231
-1.433638
-0.324283
-0.543717
0.407742
0.373103
0.255383
0.277873
-0.184119
-0.459758
-1.023913
-0.155294
0.150959
-1.708334
-0.658580
-3.041436
-0.388582
-2.367505
-0.163885
-1.181900
1.336853
-0.204298
-0.154748
1.632884
-0.724960
-0.253799
-0.511887
1.388883
0.878197
0.410109
-1.022760
1.520423
0.767058
0.754845
-0.029103
0.186566
0.050760
0.021847
-0.845316
1.163924
0.076998
-0.369341
1.018170
0.514393
-1.042888
0.692384
0.852556
-0.234733
0.468944
-0.389067
0.761752
-0.204620
0.796629
-1.045380
-1.930250
2.458151
-0.843361
0.303735
1.672735
-1.777856
-0.506895
-1.060800
1.310859
1.356350
-0.560353
0.233915
-0.203020
0.272336
1.673091
0.290383
-1.335465
-1.098757
0.476833
0.750492
1.476401
0.526325
0.378952
-1.336889
-0.105366
2.244552
0.159929
-1.054076
-0.235813
0.514440
0.140905
-0.665449
-0.093626
0.716627
-0.033753
2.247886
-0.117272
0.955220
-1.584536
-0.222529
1.102604
-0.154590
0.306660
0.301503
1.592492
-0.132233
-1.189845
-0.070128
1.183479
-1.370713
-0.118562
-0.607452
-0.737054
0.369075
-0.082983
1.117797
-0.092758
0.292826
0.401243
-0.434623
1.832717
1.472836
-0.189756
0.974183
2.344989
-0.117877
-1.070820
-0.543990
1.033715
-0.092681
0.160558
-1.143758
-0.213860
1.476613
-0.880006
0.597817
-0.074346
0.032556
0.186004
-1.135511
0.496400
1.243624
-0.030583
0.079266
-0.353504
-1.706142
0.618070
-1.007765
-0.840619
0.179012
-0.062066
2.273629
0.894854
0.118508
-2.202550
-0.269925
-0.196216
-0.461480
0.703837
-2.281077
-0.826401
-0.112075
-1.286942
-1.136842
0.648437
-0.318934
0.319307
-1.698485
0.090567
0.346849
-0.201088
-0.837047
0.523590
0.843511
-0.507927
-0.515748
0.320947
-1.358516
-0.943338
0.352741
-0.901180
-1.122069
-0.009090
-0.265251
0.927250
-0.012158
1.085655
0.144167
-3.018005
0.641955
1.191548
-0.491136
-0.289785
0.483374
0.161239
-1.361419
0.439998
-0.824949
-0.340035
-0.802312
0.774993
0.185857
-1.427217
0.097202
-0.304609
-1.108243
0.174005
-0.312773
0.714961
-0.786069
0.854415
0.014108
1.023228
-0.043090
-1.531452
-1.579572
-0.388223
-1.521396
-0.510005
-0.361042
0.334677
-1.631425
-1.072627
1.021186
-0.131714
1.329178
-0.161445
-0.008071
-0.284552
1.325865
0.375858
0.182192
1.887377
-1.211603
0.240278
0.301040
0.473387
-0.250472
-0.215707
-0.005239
-0.232438
-0.841379
0.861264
0.644779
-0.221718
0.471955
0.393876
1.008181
1.252950
0.280169
0.253134
-0.088572
-0.569114
-1.183706
-0.436642
-0.769202
1.716478
2.593898
0.480005
0.149110
-0.447168
0.262299
0.927617
0.064944
0.256346
0.405867
0.534219
-0.890760
-1.930002
-1.216347
0.311057
1.182818
-0.833637
-0.792275
-1.585768
0.131387
-0.021482
-0.175321
-0.844735
-0.131215
1.109285
1.268433
0.954475
0.154870
-1.324286
0.134348
-0.354115
1.199608
1.349512
1.317459
0.632769
-0.189969
-0.247948
0.662710
-1.163165
0.476012
0.253672
-0.252514
1.634544
-0.125796
1.050482
-1.033480
-0.909083
0.043786
1.023479
-0.578711
-0.241450
1.807690
1.643907
2.668571
1.170195
1.974160
-1.245254
2.272605
-0.023885
0.376657
0.461690
-0.358101
0.180037
-1.777982
0.954177
-0.053147
-0.477734
0.094349
0.566678
-0.161650
-1.370304
0.102791
0.792411
-1.306469
-0.274334
1.124936
1.426034
-0.365641
0.537199
0.021427
-0.412956
-0.636252
-0.573118
0.696842
-0.262343
0.572338
0.127382
1.591228
-0.767433
-0.606013
0.197047
1.100203
-1.957017
-1.175546
-0.203430
-1.412202
-1.096454
-1.962186
0.200926
-0.462735
-0.370758
0.081464
0.000006
-1.026995
0.360214
0.067798
-0.877938
-1.799250
-0.038115
1.508540
0.796702
-0.002623
0.228341
-0.781567
0.054700
0.356128
-1.827890
0.628218
-0.123620
-0.040674
0.939200
-1.294593
-0.459250
-0.754244
-0.623326
0.473136
1.249449
0.690121
2.344275
-0.924799
-1.287841
-0.810280
0.964837
-0.887045
0.575305
-0.854446
0.116157
-0.738346
-0.229660
0.353772
-0.693762
1.179236
1.523526
0.544638
0.795351
0.139541
-0.216483
0.112142
1.228665
-1.318461
-1.054731
0.728775
-1.976747
-0.344598
-0.983198
1.228698
0.675963
0.268543
-1.555646
0.229251
-0.466185
-1.158378
0.383287
-0.784197
-0.712596
0.269066
-0.614999
0.952433
0.328572
0.889982
-0.693940
0.066092
-1.259441
-0.057677
0.478498
-1.516896
0.373571
1.884356
0.435225
-1.242212
-0.494983
-0.205045
-0.087067
0.711825
1.293406
0.881719
0.459096
-0.996371
-0.164549
-1.774289
1.508692
0.652107
0.345986
-0.046688
-0.873076
0.035514
-0.381582
0.472046
2.073229
-0.957851
-0.592260
-0.424314
1.907552
-0.939711
-0.612000
-0.582832
-0.849936
0.152064
0.809033
0.100704
-1.082498
-0.063852
0.522179
1.122165
-1.177574
0.569275
1.330841
-0.298187
-0.874970
-0.864224
0.944456
0.106929
0.266005
-1.616791
0.888421
0.845833
0.493061
-0.078043
0.576268
-0.437782
0.234417
-1.264048
-1.031638
-1.959479
-1.893982
-0.066378
1.000136
0.352599
-0.041916
-0.156985
0.160185
1.514847
-1.434078
-1.126493
-0.662687
-0.277171
-0.203333
-0.070423
-1.327419
0.126338
-1.206718
0.478966
0.435069
-0.476946
-1.904264
-1.375465
-1.099688
-1.716222
0.633664
-0.726500
-0.429497
-0.705279
-0.722400
0.252799
-0.357829
0.057742
0.475691
0.421013
0.817316
-0.813604
0.272518
-0.658582
-1.270222
-1.273460
0.066869
-0.276144
-0.314820
0.162743
0.093609
-0.220914
1.370457
0.954267
0.345891
-1.046379
-1.623943
-0.178034
-1.087174
1.798005
-0.747625
-0.321320
-0.014382
-0.126652
-0.240250
1.768328
-0.611236
1.198936
-0.040594
0.397856
-0.945182
-1.086421
0.097191
0.942772
2.090386
0.137553
-0.340430
-1.131407
-0.691916
0.234687
0.323641
-0.864993
1.980538
2.180168
-0.452131
0.915526
-0.910760
-0.014563
-1.158061
1.095055
-2.275606
2.966130
0.935778
-0.798774
-0.259853
0.783774
0.077596
2.401611
0.456305
-0.086459
0.532122
-1.646736
0.384561
-0.170026
0.320514
-1.432358
0.922355
1.591035
1.369548
-0.958283
-0.190333
-0.710829
-0.292487
-0.258847
0.493515
0.954120
-0.505949
-1.315515
0.208448
1.246500
-0.325850
-0.246579
1.450603
-1.435001
-0.072197
0.067973
-0.213627
0.132703
0.866193
-0.638539
0.606022
0.889668
-0.091996
1.381090
-0.480887
1.418942
1.668917
-1.821046
-0.527019
0.625050
-0.000565
-0.238141
-0.844413
-0.398036
0.570454
0.672323
-0.944620
1.733248
0.083117
-0.022743
0.366107
-0.054474
1.069824
-0.862039
1.313286
0.487887
-0.945309
-0.426974
1.375336
-0.952114
0.755184
-0.971877
-0.225046
0.107934
-0.231753
-0.195755
0.968365
1.014037
1.323687
-0.461327
1.106285
-0.560641
0.233918
-0.787426
0.501505
-0.393506
1.332916
1.238424
1.794897
0.088916
-2.151331
-0.133111
2.223859
0.274732
0.893439
-0.304265
-0.107225
0.354644
-0.500991
0.792146
0.212761
1.372050
0.226229
-1.721724
-0.724829
-1.278149
-0.929495
0.161348
0.930359
-1.251974
-0.298981
-0.843193
1.179289
0.548409
-0.018443
-2.894489
0.175087
0.012004
0.086286
-0.055047
0.258563
-0.492476
-0.305455
0.320706
0.321721
-0.639765
-0.383205
-0.241903
-0.043467
-0.682415
-0.480497
-0.235778
0.520227
0.101456
-0.084773
-2.586457
1.101821
-2.971647
-2.308332
0.091400
2.629724
-0.898510
2.502674
-0.325359
-2.472709
-0.430716
0.321721
0.586091
1.357017
0.882863
-0.460943
0.330645
-0.387855
-2.293031
0.980777
0.193615
-0.810689
0.091259
1.246719
0.981820
-2.199381
-0.225206
2.692074
0.661616
-0.910475
-0.269474
0.447094
1.444213
-0.837461
0.787269
1.957234
0.562522
1.084291
-0.572909
0.525515
-0.870115
-0.891974
-1.942710
-0.635349
0.162199
-1.231816
0.151813
0.749680
-0.209179
-0.408023
-2.372929
-0.050321
-0.202740
-0.710734
-1.885169
-0.737163
1.343302
-1.286854
-0.774572
1.003393
-0.035366
-0.156137
-0.140352
-1.375030
1.553358
-0.995337
-0.348939
-0.848607
-1.987177
-0.375543
1.357889
-0.523125
-1.238215
-0.287133
0.097879
0.125522
0.160665
-0.046065
0.697925
1.218750
-0.427469
-0.323284
1.283976
-0.104128
0.929089
-0.517171
-0.429411
1.471089
0.091678
1.954732
0.246325
-0.189039
-2.875164
-0.400584
-1.567225
0.119371
0.128527
0.117612
0.876361
1.402117
-1.045062
1.310147
-1.134706
-0.441454
0.867892
0.374736
-0.794974
-0.727465
-0.442944
-0.638531
-1.368944
0.372036
-1.847903
0.824794
-0.307047
0.159259
1.116670
0.498527
-1.570268
-0.304042
0.715484
-0.044305
-2.213961
-0.837582
0.085751
0.331589
-0.199646
-0.138184
0.687045
-0.543965
0.988990
1.450711
2.305439
1.001960
1.192262
0.633471
-0.706417
1.300754
0.273159
-0.359584
0.329047
-0.419434
0.394742
0.166624
-2.819903
-0.341298
0.337171
-1.605983
0.299345
0.809408
1.250675
-0.370137
-0.961175
-1.051466
0.714269
1.851015
1.703982
0.677420
-0.869337
-0.233069
-0.483337
-1.293614
-0.754978
-1.434102
-0.058462
0.181226
-2.052515
-2.013639
-0.905356
1.285624
-0.706101
0.520719
-0.963856
0.312685
0.496606
0.100329
0.123148
-1.686267
0.862647
0.364860
-0.960279
-0.779353
-1.359289
0.035795
1.051595
-1.685703
-1.090456
0.093048
-0.840942
0.205862
0.158284
-0.141836
0.569667
-0.638989
-1.092350
1.953316
-0.352446
0.006123
1.823636
1.364242
2.153491
0.424368
1.370622
0.769362
0.683961
0.922336
1.293979
-0.732248
-0.135907
0.052840
0.127240
0.082600
0.199154
-2.475682
0.409961
-0.669252
2.550977
0.560013
-0.093556
0.448369
0.059935
-0.251887
-1.742075
0.519936
0.606319
-0.932684
-0.792651
2.004793
0.030733
1.401594
0.916981
-1.056452
0.164748
0.306906
-1.981414
-0.156988
0.296357
-1.468139
0.568749
-1.108237
0.855183
-0.976800
-0.457255
-0.630040
0.017833
0.676966
0.129968
1.673601
0.964478
1.628465
-0.502417
-1.728566
0.673012
-2.161511
-1.157514
-0.969407
-2.454365
-0.916691
1.257961
-0.046400
0.907136
0.639657
0.892327
0.021635
-0.761156
0.381078
-0.080849
1.238490
-2.000279
0.226844
0.621307
-1.191989
-1.175708
2.256474
-1.253923
0.731398
1.522985
-0.003261
1.029806
0.781449
-1.805579
0.087612
0.138715
-1.177086
-0.162641
0.888903
-1.085322
0.084022
-1.848646
-0.736608
0.169919
1.035593
-0.373067
-0.429730
-0.578208
-0.114521
-0.602812
1.859692
0.295123
1.750478
-0.888590
1.485208
-1.190405
-0.356945
-0.032939
0.755608
-0.306250
-0.296518
-1.355390
1.028473
-0.154385
0.938748
-0.807753
0.166898
-1.716075
-0.758237
0.235800
0.275404
0.066203
0.562235
-1.823853
0.771505
-1.689154
-0.222274
-2.001018
0.444438
0.850820
-0.144414
1.267999
0.704246
-0.073555
-0.727480
-0.377701
0.618935
2.015063
-1.131441
-0.012156
0.686239
0.123168
-2.049173
2.139941
0.554611
0.578973
-0.741994
1.342847
0.121978
-1.052320
-0.136860
-0.819361
1.422460
0.534550
1.577815
-0.060582
0.751275
-0.358086
0.558415
-0.388533
-1.168013
-0.640725
1.147271
1.915509
0.880963
0.010009
0.851629
-0.491625
0.047570
-0.577905
-0.277352
2.343657
-0.763159
0.530131
-0.717329
-0.717494
0.730007
1.297780
1.202031
0.327380
0.746934
-0.990600
0.470715
-0.476578
-1.839611
-0.832386
1.719114
0.267212
0.702679
-0.230813
-0.633717
-1.495828
-0.154738
2.382302
-0.490204
0.476223
1.048663
0.688812
0.487775
-1.385614
-0.517753
-1.206280
0.345563
-0.361023
-0.359879
0.094426
0.444062
-1.610968
-1.374928
-2.202352
0.575359
-1.467757
0.147766
0.051165
0.922797
1.114852
-0.930947
-0.738842
0.306149
0.727258
-0.666862
-0.131309
-0.778963
0.798840
-0.094227
-0.461683
-1.115711
-1.261119
0.499381
0.560739
2.334992
1.352184
-1.268088
1.547859
0.523112
-0.459806
-0.570632
-0.901671
1.160611
-0.437506
-1.504653
0.356296
1.070174
0.531938
-0.505807
0.009957
1.537361
-1.137354
1.587971
0.116836
-0.516029
1.091916
-0.185961
0.451493
-0.509391
0.691683
3.568374
-0.889086
-0.400384
-0.065029
1.306399
-1.328310
-1.448954
1.440040
1.721789
-1.218724
-0.215727
-0.089476
0.052649
-0.199841
-1.298111
-1.523050
0.861332
0.734518
-0.474558
-1.452321
0.718568
0.688389
-1.901601
2.126238
-0.148839
2.193877
-0.623754
2.526941
-1.346737
-1.038665
2.898994
-0.688859
0.757752
1.750182
-1.232402
0.486357
-0.216837
-0.550828
-0.899920
1.595104
-0.811497
-1.088403
2.740013
2.680666
1.150435
0.666005
-0.998647
0.631930
-0.387880
-0.582650
0.370964
-0.373379
1.609423
2.279391
0.455081
0.179101
0.099711
0.307383
1.493310
0.176849
0.315276
-1.178669
1.626010
-1.031769
0.754479
0.090877
0.682954
-0.120032
-0.584010
1.651432
-0.784149
0.023528
0.726727
0.881633
-0.556703
-0.963917
2.239264
-0.665120
0.174162
0.079704
-0.600785
-0.434538
-1.043985
-0.582096
0.545351
0.894986
-0.759277
0.904919
2.308108
0.321219
-0.335451
1.482286
0.413037
-0.204100
-2.151455
1.602581
-2.463908
2.054090
-0.035313
1.287887
0.868192
-0.247233
0.730270
-1.256622
1.010960
-0.695953
1.054620
2.344368
-0.433472
0.104403
1.455662
0.034131
-0.059593
-1.121701
-0.061614
-0.763651
1.516891
-0.821149
-0.060646
0.525502
1.157432
0.485477
-0.435832
0.237106
0.491218
1.234240
1.257707
0.107572
-1.995237
-1.830754
-1.260716
-0.510818
1.114786
-0.718547
0.380537
0.634098
-0.283538
-1.023458
0.232911
0.183599
-1.193921
0.858823
0.534535
0.909157
-0.082422
-0.641150
1.619933
-1.855072
-0.027457
1.638756
-0.342214
-0.309190
1.256370
-1.085997
-0.178640
0.823696
0.036563
0.985113
-0.170531
-0.940648
-1.041353
0.438546
-0.951511
-0.362721
0.227243
-0.321006
0.576244
1.044014
-0.832066
-0.049800
-0.169047
0.215520
0.816856
-0.290458
0.507073
-0.230981
-0.903894
-0.952904
1.274056
0.786966
-1.057965
-1.304140
0.482826
0.170359
-0.325671
-1.527769
-0.331417
-0.740689
-0.673980
0.022388
1.342188
-0.195181
-1.767940
-0.354937
-1.098088
1.442767
-0.704045
0.922334
1.348485
0.038180
0.086597
0.281401
-0.667154
-0.316226
0.792527
0.089608
0.578741
1.426198
-3.032027
0.010363
0.121953
0.369945
-1.199297
-1.351426
0.237344
0.123798
0.800433
0.626025
0.023454
-2.340340
-1.292295
-0.422907
-1.225945
-0.356505
-0.906397
0.123168
0.188300
-0.621533
-1.014278
-0.423026
0.262182
-0.168182
-1.325521
1.036595
-0.638889
-0.851825
-0.366129
0.674698
0.283974
-0.808969
0.951151
0.989132
1.426197
0.191054
-0.488363
0.089142
1.432082
0.096840
-0.863857
0.106883
0.844016
-0.367367
-1.532195
0.407661
0.620429
0.509384
2.540187
-1.208527
0.256564
-0.096538
0.329216
0.755402
0.046769
1.126327
-1.091523
-0.595196
1.489381
0.232689
1.060942
0.346889
-1.563806
-1.497584
-0.403406
-0.413455
-0.446639
-1.926541
-0.911670
-1.199701
-0.314929
-0.607095
-0.065008
1.984605
-0.733320
0.351492
-1.427069
-0.798497
0.598403
-2.205833
-0.736122
1.633208
0.200182
-0.322305
-0.125832
-0.584679
-1.141970
-0.189129
-1.356071
0.885111
-0.395298
0.510096
-0.401181
1.317149
1.405922
0.288863
-0.498015
-1.545705
1.110336
-0.254694
-1.714362
0.109646
-1.145147
-0.057331
-0.561273
1.011544
0.332684
-0.067399
-0.061434
-1.325646
1.738568
0.990085
-0.322686
2.718030
-0.319699
0.228833
0.162468
0.575773
0.128764
0.644775
-1.227221
-0.205343
-0.150218
0.720138
-0.257396
-0.346031
0.185709
0.111621
-2.113020
-0.029190
1.258701
0.632069
0.199257
-0.002978
-1.053429
0.061318
0.968930
-0.926475
-0.157945
-1.128511
-0.724269
-0.307625
-0.413646
0.481643
0.088210
-0.542844
0.122777
-2.285267
-0.501145
-0.417150
-0.895562
1.588866
0.517507
0.813394
-1.307466
-1.550820
-1.652097
-0.096909
0.890287
0.026215
1.419513
-1.256800
1.319158
-0.169336
0.603245
1.416308
-0.174684
-1.392768
-0.347289
0.546915
0.317587
-0.344812
0.706490
1.460246
1.474674
0.657021
-0.824115
0.091418
0.117405
0.122064
-0.065835
0.573356
-1.857447
-1.214369
1.372475
0.136713
-1.072298
-0.922633
0.036669
0.668653
0.663157
1.019252
-0.012689
1.385326
-1.543024
-0.151614
-1.350768
0.133686
-0.371722
0.018053
0.105257
-2.015738
0.816190
0.316663
0.505630
-0.255702
0.739628
-0.322710
-1.258762
-1.048018
-0.721035
0.976826
1.019528
1.350161
0.636328
-0.633888
-0.687678
2.407955
-0.213657
-0.499996
-0.466919
1.002268
0.952653
1.598391
0.601134
1.303529
-0.498103
-0.088426
-1.786070
0.443056
-0.723634
0.193490
-0.530949
-1.393660
0.057714
0.795260
0.543423
0.306303
-0.055311
1.404960
0.262813
0.436699
-0.265065
0.621630
0.433660
-0.143456
-1.323180
0.753539
0.354326
0.743193
0.722093
-0.495798
-1.367344
0.526933
-0.882008
0.160566
1.195137
0.067602
-1.351173
1.393154
1.274427
0.585280
-0.449855
-0.786615
-0.075130
0.348041
1.977573
0.325692
0.387012
0.534825
0.956979
-2.729051
0.316109
-0.415881
1.242223
0.358323
-0.234327
-0.203469
-0.619246
-1.429420
-0.313162
-0.316588
-0.700749
-0.941434
-2.387032
-0.403588
1.094346
0.561792
-0.670491
-0.147001
-1.881121
0.158044
-0.130975
-0.503285
-1.445002
-0.576886
0.547095
-0.728456
-0.995121
0.469284
0.007481
0.581710
0.028989
0.910946
0.130580
1.227329
-1.173165
0.510403
-0.002004
0.383304
1.138781
1.372031
-1.350537
1.097772
-0.454756
1.497626
0.947471
-1.099828
0.737677
0.928337
-0.274573
-1.145902
-1.068285
-0.484529
-0.270990
-0.851219
-0.186916
0.765909
0.094969
0.490767
-1.822766
0.507182
-0.028357
-2.471997
0.364082
-0.743403
-0.017875
-0.738196
-1.045365
-0.241591
-0.445008
1.540813
0.447430
-1.481334
0.677857
0.384773
0.016613
0.386726
0.252500
-0.525887
-2.561348
0.741950
-1.317254
-0.633373
-1.006039
1.537234
-0.430547
-0.387733
-0.317517
1.274217
0.497788
-1.504997
-0.752971
-0.165471
-0.399860
1.132556
1.338226
0.617137
-0.965151
1.949220
-0.546444
-0.800995
0.639748
-0.010943
-1.074753
-0.443711
0.827578
-0.500594
0.951238
-0.570685
0.982352
-0.379290
0.254130
-0.950137
2.092257
1.133304
-0.566135
2.138496
0.061872
0.367280
-0.492199
0.493315
-0.893218
1.231763
0.999696
0.150589
0.513461
-1.995502
0.774730
0.079260
0.642725
0.435721
0.021497
-0.303579
0.406463
-0.514676
-0.763800
-1.564221
-0.173972
-0.629116
0.062401
-1.248538
-1.141300
0.026670
-1.334010
-1.450441
0.030548
0.448841
-0.676301
2.236083
-0.479809
1.775015
0.018265
-2.208425
1.169649
0.337437
1.856081
-0.314416
0.027632
-1.652548
1.241764
-1.507596
-0.847201
0.496722
-0.507148
-0.260823
0.322195
0.129561
0.810406
-0.832477
-1.637794
0.527644
1.366737
0.085161
0.833632
0.708440
-0.858403
0.445848
-0.205104
-0.355581
0.900577
0.176453
-0.304803
-0.143171
1.247007
-0.028987
0.046545
-0.769313
-1.213098
-0.142111
-0.685616
0.613478
-0.723649
-1.913935
1.420985
0.585194
1.025916
0.390354
1.011027
2.230676
-1.057537
0.681874
1.646492
-0.934707
-0.123434
0.377667
-1.765139
0.726009
-1.854909
-0.157073
0.853336
-2.286287
0.747989
0.327311
0.713942
0.354892
-0.239925
0.738561
0.210723
-0.566931
1.056225
-0.981297
-0.401209
-1.596852
-0.623362
0.470650
-0.187710
-1.021906
0.499228
0.318650
0.017337
-0.583028
-0.384450
0.715910
0.177831
-0.493704
-1.572203
-1.234793
-0.270465
0.351660
-1.405778
0.394022
0.030442
1.219036
-1.161001
-1.737886
0.471139
-0.867802
0.573904
0.647379
0.596097
0.118818
0.938007
-1.221131
-1.458110
-1.027736
-0.120024
-0.067754
0.957203
-2.530683
0.416771
-0.300503
-2.118223
0.809592
1.042764
-1.753809
-0.591794
0.091681
-0.968848
-0.098255
-0.510867
1.049213
0.575886
0.105158
-0.567900
1.044811
-0.512926
-0.733294
-0.825804
-0.572782
0.088110
0.501033
-0.999241
-0.089345
-0.187544
-0.195573
-0.711037
-1.638588
-1.547448
0.416682
0.063378
0.775009
-0.312368
-1.660144
0.807900
1.009336
0.424873
-1.956410
-0.042641
0.157945
-0.001921
0.587101
1.411398
-1.282807
-0.379692
0.309197
-1.332123
-1.339447
0.992156
-0.489682
-0.960603
0.138177
0.307589
0.763099
-0.988925
-0.564401
-0.516700
-1.698198
1.528985
0.833811
1.153696
0.270071
-0.101646
0.705259
0.867792
0.207956
-1.940765
-1.136697
-0.591873
-1.845355
-1.647210
-0.246292
-0.510351
-0.994624
-0.955543
0.011440
1.232967
1.464906
-0.164713
-0.515483
-1.184128
-1.700165
-0.378012
-0.443268
2.129998
-1.332849
-0.416085
-0.132018
-0.309617
0.745493
0.204688
1.821549
1.180062
1.721011
-0.236688
-0.084620
-0.578595
1.892315
-1.265562
-0.643396
0.139135
0.667343
-0.089325
-2.082432
-0.146058
-1.211651
0.327689
0.430809
1.794949
2.209269
0.739674
1.039256
0.792393
-0.637860
-1.932677
-0.280048
-0.070056
-1.185246
0.354573
0.824876
-1.675034
0.695093
0.751377
0.465699
-0.083110
-0.433513
1.083434
0.319798
0.782096
0.828982
-0.033791
0.388393
-1.030591
-1.654070
-0.006471
-1.378392
1.344776
-1.648741
-0.344157
-2.798707
-1.297886
0.120929
-0.590053
1.192199
0.174199
0.071493
-0.531387
0.352631
-0.815102
0.551718
-0.099005
0.270036
-1.211788
0.542247
-0.289886
0.072667
1.487450
-1.070893
0.194070
0.072780
1.308952
0.084117
-0.055176
1.155129
0.818705
1.290941
0.192702
-0.292334
-0.937975
0.499094
2.692861
-1.252655
-2.295076
-0.499419
0.004765
0.300256
1.046241
0.273410
-1.324608
1.060157
0.433196
-0.037923
0.572984
-0.812526
-1.927956
-0.066126
-1.011586
-1.335702
0.791122
-0.703512
0.440693
-0.791018
-0.409923
-0.150624
-0.997695
0.851724
-0.606332
-0.353853
-0.057610
0.433773
0.377345
1.663358
-0.916547
-0.414450
-0.451781
-0.596001
-0.759664
0.981725
-0.289565
-1.659538
1.938207
-0.635471
0.738533
0.523015
-0.307546
0.495390
-0.984206
1.216168
-0.928541
0.680649
-0.504586
0.291174
-1.680301
0.190907
-1.032029
-1.927310
-1.391413
-0.684306
-1.591859
1.278032
1.559307
-0.532151
-0.852865
-0.930339
-1.267187
0.939795
-0.493172
0.688875
0.278162
1.667251
-0.904707
0.510317
1.231605
0.382932
1.265306
-1.120264
1.381180
0.634827
0.430483
0.154946
0.921627
1.488601
0.718540
1.333613
0.837469
-2.256263
1.850396
0.721120
-0.351657
1.305368
-0.602871
0.976106
2.184973
-0.597640
-0.584731
-0.460411
0.021380
3.346611
-2.602244
0.463348
0.197325
-0.645523
0.566181
-0.384617
-1.120284
-1.121909
0.056550
0.088605
1.542236
0.757784
0.367575
-3.096055
1.158016
-0.946936
-0.871594
1.159276
1.664748
-0.116895
-0.073866
-2.137479
0.361299
0.698559
-0.572644
-0.846801
0.453393
-0.405174
-0.479361
1.279951
-0.749933
-0.407136
-1.138987
-1.408404
-1.549060
0.694632
-0.490162
-0.240060
1.593447
0.902254
-0.763213
0.977518
0.057236
0.446292
0.214760
1.044121
-0.262886
0.153882
0.153792
-0.103151
0.326356
-0.408803
0.233908
0.079552
-0.710157
0.515319
-1.140168
0.306357
-0.428140
0.750723
-0.862977
-0.080519
-0.060181
1.851386
0.220301
-1.139641
-1.257793
0.436738
-2.048606
-0.569075
-0.638020
0.414232
1.665436
-1.101442
-0.157497
0.652056
0.424518
-2.340678
-0.825636
0.299904
-0.250761
0.295916
0.446557
-0.437617
-0.234599
-1.022851
0.668171
-1.541468
1.140010
-0.278091
-1.484751
-0.446506
-0.985065
-1.056138
0.326724
0.056925
-0.810254
1.965010
-2.547091
-0.371192
1.851099
-0.430154
-1.153625
1.711968
-0.485560
0.574495
-1.599014
-0.827143
1.512176
0.427623
-1.223432
-0.472597
1.679113
1.806524
2.508904
0.180122
-0.437547
1.483514
1.637825
-0.679523
-0.562938
-0.877380
-0.087757
-0.638128
-1.223096
0.408398
0.967688
-0.275546
0.283274
-0.138114
-0.323254
0.225482
-0.007168
1.571854
-0.734348
-0.729823
1.049974
-0.754474
-0.270508
-0.364949
-0.990157
0.292714
1.184968
-0.376207
-0.694620
0.032711
-0.841847
0.210895
-2.066396
0.808705
-1.008713
-1.026779
-0.515100
-1.299748
0.666682
1.333599
-0.056072
-0.132714
1.282930
-0.134410
0.761513
0.555771
-0.922618
0.210753
1.756308
-0.300557
-0.514759
1.175022
-0.069550
1.616939
-0.137003
0.920493
-1.267022
0.180436
-0.503018
0.120044
-0.480347
-1.759439
0.317467
-0.623949
-0.533101
-0.789923
1.068681
1.076897
1.026772
0.645045
0.059089
0.189767
0.746366
0.998600
1.176159
1.663974
-1.355161
0.237353
0.973035
-0.169048
-0.167476
1.685094
-1.484762
0.485767
1.684519
1.256924
0.729053
2.122585
-0.107445
-0.539705
0.198335
-0.636872
-1.136410
-0.048186
0.464534
1.105407
-0.092003
-1.699435
0.279519
0.533681
0.550529
-0.003634
-1.366464
-0.099324
1.726496
-0.237356
1.584563
0.232776
2.064731
0.959823
-0.089523
-0.395549
-0.001867
0.622476
0.058995
0.961247
0.299801
0.888217
-1.724515
0.198228
0.372687
-0.921598
0.144705
0.643572
-0.308312
-1.661314
2.225321
0.418098
-0.873003
1.125615
1.401965
0.255033
0.322800
-0.050477
-0.529958
-0.525859
-0.779272
2.181609
0.221320
0.812411
0.543373
0.783840
-0.237658
-0.535724
-0.922864
-0.378813
-0.023768
2.136380
-0.375167
1.062769
-0.836660
-1.388149
-1.421643
0.521584
0.283742
0.446756
0.500152
0.110933
-0.925125
1.491276
-0.234928
0.642014
0.260012
-1.559470
0.165923
0.565945
-0.913584
0.417140
0.842481
-0.933295
-0.810383
1.215088
0.253517
-0.253828
0.234352
1.132684
-0.572874
1.053229
-1.115882
-0.146669
0.025611
0.973638
-1.427083
0.585781
0.552460
-0.413926
1.359152
-0.099918
1.457027
0.009330
-1.089111
-0.984199
-1.758413
-1.230098
0.145471
-1.032621
0.115457
1.726899
-0.428556
-0.572612
0.527253
-0.186371
0.765443
-0.053956
0.254217
0.268227
0.337443
0.901890
-0.885790
-0.565499
-0.349893
-1.451241
1.373941
1.035972
-0.091527
-0.023442
0.436786
0.094645
-0.536598
0.909941
0.547665
0.349021
-0.729004
0.667342
0.743544
0.370084
1.291450
0.422066
-0.535994
1.711782
-1.120598
1.613745
0.011261
-0.428322
-1.101813
1.251843
0.809075
-1.055216
0.178065
2.218940
1.376583
-1.040365
-0.572816
0.183290
-0.404409
-0.795598
-0.274352
-1.461090
1.525365
1.193102
0.624417
1.186657
-0.335099
-0.217757
-0.220417
-0.210789
1.335698
-0.715599
0.630320
-0.167512
-1.332868
-0.856237
0.353810
0.513349
-0.541664
-0.017443
-0.213157
0.757353
-0.242973
0.598121
1.733242
-0.837687
0.652456
-1.032127
-1.912311
0.131315
0.898999
2.074981
-0.439933
0.864327
0.658677
-1.647057
0.510053
2.256491
0.129737
-1.468169
0.310700
0.836465
0.569017
-0.326176
-1.429082
2.237461
-1.365020
0.806508
-1.108099
0.718540
-0.483155
0.193621
0.491006
1.504341
0.709631
0.216513
1.236088
1.510854
-0.175331
-1.739311
-0.712536
1.327468
-0.226362
0.431301
-0.775462
-0.337090
0.822087
0.255625
1.889513
0.250850
0.313998
-0.613890
-1.064250
-1.229005
-0.459013
-0.431775
-0.002646
-2.001986
-0.419987
1.931307
-0.274969
0.226807
-1.427260
1.712076
-0.289828
0.374519
-0.206480
-1.972707
-0.127907
0.601768
-0.273043
-1.133400
0.519182
0.149358
0.672322
0.065316
-0.693228
1.531839
0.539482
-0.886251
0.976685
1.913253
-1.118800
-0.453728
0.767274
1.433289
-0.804816
0.536275
-1.594140
-0.202766
0.822626
1.310772
0.596033
0.683402
0.981349
0.870534
1.046752
3.325705
1.456611
0.497904
-1.195890
-0.070777
-0.027524
0.830203
0.451000
0.367101
-0.157413
4.010175
0.165710
-0.222710
-1.316403
-0.608222
0.756096
-0.712473
-0.082492
1.147821
-0.186282
0.554436
0.155187
-1.284747
-0.158580
1.000387
0.108150
1.640655
-0.736964
1.075335
-0.624627
2.400912
0.054034
-0.813597
-0.789027
0.862471
-1.579028
0.511311
1.855110
1.241645
-1.932191
1.042790
0.913729
0.150681
-1.565071
-2.020051
0.222477
1.323972
0.917030
0.032314
-1.167494
1.135639
0.884212
1.296448
0.950779
0.878387
1.566911
0.752934
1.018446
-0.561042
0.232164
2.456560
0.548331
1.822827
-0.182628
0.695467
0.870889
-0.906608
-0.828919
0.416051
-0.273963
-0.619300
-1.867246
0.106729
0.241336
2.720978
-0.951197
0.097558
0.405556
0.038473
1.086211
0.101379
-0.014246
-0.258300
-0.310713
-1.027500
0.198402
-0.444958
0.678141
0.589519
0.567044
-0.206789
-0.018797
0.537901
-2.974761
-0.838672
-1.273501
-1.204944
0.562321
-1.098009
0.231306
-0.717874
1.171596
0.222188
-0.510799
-0.454505
-0.606534
1.115067
1.028925
-0.328536
0.349586
1.211118
-0.765856
-0.346905
0.165749
1.415027
1.228641
1.393822
0.465506
1.553908
1.192334
-0.138776
-0.021381
0.166904
1.217055
-2.846116
0.768805
0.547653
-0.364449
0.877678
1.146919
1.018436
0.005329
0.364265
-0.034795
-0.818877
0.297064
-0.984352
0.010121
0.699851
-0.091980
0.414146
-0.120365
-1.615725
-0.979097
1.195881
1.367289
0.527243
0.210168
2.295195
-0.308365
0.933735
0.958252
-0.184354
-1.844416
1.125147
0.303328
-0.764192
0.824271
0.381749
-0.272316
0.251281
0.646138
0.892998
1.321225
0.290348
-0.614662
-0.842204
1.978879
-0.571768
2.884447
-0.389697
-1.162936
-0.883972
-1.393802
0.059389
0.346407
-0.297457
0.513328
1.364022
0.452700
0.438105
-1.475575
-0.139041
-0.743385
-0.383660
-2.055992
-0.346374
0.319556
1.270041
0.169999
-0.515483
-0.369593
0.095730
1.799842
-0.588170
0.537180
0.730587
-0.224506
-0.044937
-0.147888
1.481361
0.136221
-0.135856
0.120796
-0.319102
-0.176955
0.051720
0.046346
-0.594774
-0.591499
1.306626
1.669921
0.271479
0.644049
1.028175
-1.767902
-0.195692
-0.499896
-0.843792
-0.334217
0.375566
-1.964881
-1.503537
-0.176419
1.342431
0.453007
1.551631
-1.441250
0.618513
-0.563717
-2.995952
0.403632
-0.009569
0.597240
0.707783
-0.635247
0.136448
-0.515860
0.055663
-0.184281
0.068141
-0.033408
1.780862
-1.085168
-0.144044
-0.599723
-1.457216
-0.465691
-0.691948
1.081642
-0.271388
-0.712712
0.080452
-1.501774
1.353784
-0.325367
-0.084855
0.150059
-0.730471
-0.093463
0.125909
0.354412
-0.075616
-0.992386
-0.657909
0.601216
-0.515485
0.996600
-1.878772
0.819839
0.605731
-2.423926
-1.526941
0.315356
0.239520
-0.096931
1.166198
0.016764
1.109735
-1.252972
2.304400
-0.789162
0.408997
0.817765
0.372680
-0.059269
0.333881
-1.176891
0.264277
-0.285355
0.046141
0.095460
0.119934
-0.181536
0.302130
-0.958153
0.137937
-0.925892
0.335597
0.302889
-0.720374
-0.074286
1.477022
-1.477181
0.490984
-2.458445
1.298527
0.796889
0.156771
-0.476456
-0.751805
-0.030848
-0.467559
-0.240148
0.963930
-1.169488
0.459277
1.025646
2.273679
0.711979
-1.298892
0.533163
-1.057439
0.442005
0.777116
-0.503471
0.148925
0.506285
-0.638667
-1.558657
0.483636
0.149737
0.752711
-0.525819
0.778996
0.331122
0.087048
-0.295051
0.092388
0.829115
-1.158712
0.481415
1.137483
0.661535
0.486701
-0.788241
0.180316
-0.418237
-0.155421
0.726959
-0.563034
0.182972
-1.222833
0.341769
0.720265
1.988270
0.285081
1.099321
-0.621274
-0.415112
1.247332
-1.840964
-0.644372
-0.424389
-0.624106
-0.187578
1.911259
1.158896
-0.986350
0.186175
0.434997
0.576425
-0.021437
-0.742028
1.169541
1.445251
2.091203
-1.109093
1.123878
-0.058888
0.730689
-0.367015
0.671070
-0.137628
-0.906643
-0.865301
0.162975
1.776344
-0.494625
2.613936
0.165847
-0.716035
0.405221
-2.304135
1.072090
0.172888
0.348016
-0.761091
1.419955
0.000621
-0.708137
1.283528
0.001024
2.727081
0.016752
-0.581900
-1.376693
1.103823
-0.089796
-0.082950
0.394511
-0.386435
-0.794802
0.565006
-0.325937
-0.497198
-1.430531
-1.055648
0.722075
-0.163444
-0.439661
-0.083519
-0.093391
-0.826485
0.058413
0.243348
-0.499676
-0.160100
-1.552741
0.155346
1.506220
0.801273
-0.549627
-1.471946
1.588992
0.092587
0.670470
0.472459
-0.747601
0.298266
0.772319
0.089566
0.154734
1.575153
0.394661
-1.263258
-0.544907
-1.613111
1.029621
-0.979104
0.136395
0.889664
-0.309588
0.881062
-2.640456
0.341847
-0.465933
0.674031
1.285178
1.213902
-1.312878
-0.644179
0.311218
-1.817845
-0.107860
-0.551464
-0.340380
-0.938558
-0.094359
-0.184300
-0.440154
-0.183200
-0.386921
1.326161
0.282126
0.488942
1.250898
0.549295
1.793888
-0.324025
-1.172169
0.905355
0.899360
0.261495
-0.388960
-2.079086
2.016366
1.427718
0.800615
-0.792391
1.157533
-0.569949
0.628509
0.362872
-1.335973
0.836796
0.079478
-0.907899
-0.564346
1.339691
0.221783
-0.113357
0.833886
0.743565
0.408043
1.412465
-1.165023
-0.392049
0.270345
0.390830
-0.662162
-0.541401
-0.511641
-0.815945
-1.739299
-2.084134
-0.734827
-1.753575
-1.402788
1.444838
0.846910
0.058017
2.344685
-0.541773
-0.418095
-2.097279
1.412273
0.176721
1.314861
-1.941862
0.974556
1.070102
0.088847
0.611781
0.931152
0.484268
1.065582
0.852971
1.212851
-1.573961
0.414377
0.106575
0.041139
0.482359
-0.507387
-1.568366
-0.275419
1.359605
0.051791
-0.710256
-0.221975
0.220377
1.040837
-0.252803
-1.211740
0.765130
-0.423441
0.308640
-0.650995
-1.208359
1.108461
0.276293
0.788647
0.458912
1.035850
-1.492228
-0.965266
0.455354
0.328406
-0.369636
-0.006861
-0.393584
-0.890747
-0.590905
1.484790
0.619333
-0.683645
0.063265
0.078158
-0.203727
-0.173342
0.231808
0.020664
-1.708314
0.277914
-0.501191
-1.281795
0.125617
0.218852
2.142541
-0.674616
-0.690077
0.724991
0.156327
-0.711669
0.259732
0.062691
-0.705711
-0.484774
-1.750106
1.150633
0.918842
-0.174281
-1.208146
-0.790166
0.384939
-1.138466
0.379975
0.404029
0.939810
0.000634
0.112503
-0.404554
0.812848
0.010496
0.424411
0.131584
0.416095
-0.077328
-0.707677
1.176301
-1.457125
-1.160528
0.448824
-1.005323
-0.039933
1.410276
0.403947
-0.252476
0.247009
-1.858725
0.316300
-1.515837
-0.147913
1.507658
0.160683
0.391372
-0.849726
-0.114265
0.047176
0.775438
0.321689
0.033811
2.334961
-0.084865
2.318235
-0.662548
-1.173761
-0.108901
-1.626446
1.022258
0.654019
1.722931
0.454847
0.500216
-0.091364
-0.166088
-0.314753
-0.457948
0.104659
-0.765212
0.742634
0.162100
0.502051
-0.375370
1.151871
-0.617354
-1.093397
-0.274142
0.927002
0.056707
-0.256465
-0.328511
0.666169
-0.338437
1.799240
1.680491
-0.611452
0.392252
-1.127697
-1.085296
0.800124
-0.791460
0.571105
2.014554
-1.389313
0.445517
-1.072631
0.696826
-0.078430
-0.753925
-0.039464
-1.173886
1.012565
0.388106
0.406979
0.022266
-0.224444
0.440305
0.578117
-0.191601
-0.274388
1.424328
0.243193
1.295438
-0.055517
-1.096807
0.467883
1.483481
-0.390887
-0.465653
-1.365458
-0.489626
-1.238130
1.396201
2.401045
2.858332
-0.400511
-1.424948
0.993475
0.284089
-0.829486
-0.954304
0.665128
-0.155264
-0.157041
-0.480540
-1.427802
0.864489
0.624211
0.793718
-0.955148
0.987680
1.703600
0.780509
-0.667080
-0.321953
-0.163856
0.574581
0.470725
1.072909
0.322592
-0.728953
0.313952
0.332715
-1.793729
-0.786074
0.517526
-1.825172
-0.727668
0.367286
0.619448
0.394979
0.399692
1.373648
-0.286947
0.124269
1.181998
1.019613
-0.033993
0.027625
0.363277
0.924321
0.731303
0.458130
0.467812
0.977308
-1.047094
-0.170613
-2.250600
-1.588439
0.479031
0.275659
-0.608552
0.136537
2.193525
-0.574693
0.048936
-0.898852
-1.918874
-0.015861
0.078411
0.683876
-0.092599
1.267860
0.861926
-0.071623
1.452518
-1.202505
1.171390
-0.397719
-0.207475
-1.900851
0.892572
0.669580
-0.690826
-0.219677
-0.583257
2.271927
-0.361114
0.225200
-0.621035
-1.537645
2.005103
0.057629
0.127357
-0.176788
-1.028546
-0.336298
0.060941
-0.144391
0.887526
-1.561382
0.577968
-0.126931
1.544648
1.026430
-1.005367
0.148734
-0.589751
-0.449278
0.081464
1.658227
0.989678
-1.132795
1.551429
-0.369535
0.104572
-0.086243
0.669376
-1.211717
-0.531609
-0.316592
-0.840540
-0.890128
-0.171054
0.711984
1.216361
0.127828
-1.512778
1.391815
-1.312849
-0.381917
-1.525335
0.454220
0.945704
0.584430
0.974803
0.650825
-0.003589
1.092605
-0.839602
-0.598782
-1.232346
-1.352477
-2.353131
0.039723
-0.236084
-0.068347
0.265803
-1.218018
-0.428124
-0.127855
-0.055654
1.575308
-1.929997
1.913403
-0.226062
2.166228
-0.093644
-1.662644
0.942331
-0.919897
0.291871
1.197582
-0.047105
-0.251141
-1.598773
-0.690084
0.651862
-0.571499
-0.941272
-0.664366
1.432567
2.119237
0.089791
0.444041
0.448830
-0.457463
-2.191595
-0.018388
1.242486
0.335274
0.390451
0.458771
0.196669
0.394970
0.822417
0.154703
0.244416
0.258157
-1.236744
-1.198115
-0.945515
0.207035
-0.062953
-0.243641
-1.560083
0.485934
-1.201853
-1.205602
0.828004
0.376408
0.379610
-0.229381
-0.740141
-0.810740
-0.413974
0.053825
1.017033
-1.586613
-0.168325
-0.472184
-1.463460
-0.916589
1.464695
1.475977
0.315339
0.446846
0.063988
-1.083109
0.925730
0.116638
1.196367
-0.687458
0.440410
-0.256004
0.447929
2.225942
-0.561624
-0.703411
1.722595
-0.503286
1.079240
-0.582709
1.798146
-0.921145
-1.008812
0.254864
-1.010173
1.173267
1.135462
-0.369600
-3.240095
1.352726
0.096384
-0.092714
-0.483389
2.525259
-0.655436
-0.685032
0.835231
1.199011
0.705769
-0.935703
0.112649
1.225085
-0.502438
0.977565
-0.987415
0.985717
2.545430
1.082854
0.115537
0.329643
-1.353247
1.389934
0.778181
1.527320
-2.170550
0.712736
1.317895
0.721126
0.788764
1.175644
1.495819
1.561947
-0.824397
-0.372496
1.004613
2.345963
-1.161586
-0.482961
-0.074590
-0.091683
-0.779607
1.193821
-0.771337
0.223492
-0.559046
-0.902280
0.346742
-0.092671
0.654983
0.716318
0.902970
-1.579460
-0.699402
-0.110110
-2.182793
2.703420
