*vertices 1000
1
2
3
4
5
6
7
8
9
10
11
12
13
14
15
16
17
18
19
20
21
22
23
24
25
26
27
28
29
30
31
32
33
34
35
36
37
38
39
40
41
42
43
44
45
46
47
48
49
50
51
52
53
54
55
56
57
58
59
60
61
62
63
64
65
66
67
68
69
70
71
72
73
74
75
76
77
78
79
80
81
82
83
84
85
86
87
88
89
90
91
92
93
94
95
96
97
98
99
100
101
102
103
104
105
106
107
108
109
110
111
112
113
114
115
116
117
118
119
120
121
122
123
124
125
126
127
128
129
130
131
132
133
134
135
136
137
138
139
140
141
142
143
144
145
146
147
148
149
150
151
152
153
154
155
156
157
158
159
160
161
162
163
164
165
166
167
168
169
170
171
172
173
174
175
176
177
178
179
180
181
182
183
184
185
186
187
188
189
190
191
192
193
194
195
196
197
198
199
200
201
202
203
204
205
206
207
208
209
210
211
212
213
214
215
216
217
218
219
220
221
222
223
224
225
226
227
228
229
230
231
232
233
234
235
236
237
238
239
240
241
242
243
244
245
246
247
248
249
250
251
252
253
254
255
256
257
258
259
260
261
262
263
264
265
266
267
268
269
270
271
272
273
274
275
276
277
278
279
280
281
282
283
284
285
286
287
288
289
290
291
292
293
294
295
296
297
298
299
300
301
302
303
304
305
306
307
308
309
310
311
312
313
314
315
316
317
318
319
320
321
322
323
324
325
326
327
328
329
330
331
332
333
334
335
336
337
338
339
340
341
342
343
344
345
346
347
348
349
350
351
352
353
354
355
356
357
358
359
360
361
362
363
364
365
366
367
368
369
370
371
372
373
374
375
376
377
378
379
380
381
382
383
384
385
386
387
388
389
390
391
392
393
394
395
396
397
398
399
400
401
402
403
404
405
406
407
408
409
410
411
412
413
414
415
416
417
418
419
420
421
422
423
424
425
426
427
428
429
430
431
432
433
434
435
436
437
438
439
440
441
442
443
444
445
446
447
448
449
450
451
452
453
454
455
456
457
458
459
460
461
462
463
464
465
466
467
468
469
470
471
472
473
474
475
476
477
478
479
480
481
482
483
484
485
486
487
488
489
490
491
492
493
494
495
496
497
498
499
500
501
502
503
504
505
506
507
508
509
510
511
512
513
514
515
516
517
518
519
520
521
522
523
524
525
526
527
528
529
530
531
532
533
534
535
536
537
538
539
540
541
542
543
544
545
546
547
548
549
550
551
552
553
554
555
556
557
558
559
560
561
562
563
564
565
566
567
568
569
570
571
572
573
574
575
576
577
578
579
580
581
582
583
584
585
586
587
588
589
590
591
592
593
594
595
596
597
598
599
600
601
602
603
604
605
606
607
608
609
610
611
612
613
614
615
616
617
618
619
620
621
622
623
624
625
626
627
628
629
630
631
632
633
634
635
636
637
638
639
640
641
642
643
644
645
646
647
648
649
650
651
652
653
654
655
656
657
658
659
660
661
662
663
664
665
666
667
668
669
670
671
672
673
674
675
676
677
678
679
680
681
682
683
684
685
686
687
688
689
690
691
692
693
694
695
696
697
698
699
700
701
702
703
704
705
706
707
708
709
710
711
712
713
714
715
716
717
718
719
720
721
722
723
724
725
726
727
728
729
730
731
732
733
734
735
736
737
738
739
740
741
742
743
744
745
746
747
748
749
750
751
752
753
754
755
756
757
758
759
760
761
762
763
764
765
766
767
768
769
770
771
772
773
774
775
776
777
778
779
780
781
782
783
784
785
786
787
788
789
790
791
792
793
794
795
796
797
798
799
800
801
802
803
804
805
806
807
808
809
810
811
812
813
814
815
816
817
818
819
820
821
822
823
824
825
826
827
828
829
830
831
832
833
834
835
836
837
838
839
840
841
842
843
844
845
846
847
848
849
850
851
852
853
854
855
856
857
858
859
860
861
862
863
864
865
866
867
868
869
870
871
872
873
874
875
876
877
878
879
880
881
882
883
884
885
886
887
888
889
890
891
892
893
894
895
896
897
898
899
900
901
902
903
904
905
906
907
908
909
910
911
912
913
914
915
916
917
918
919
920
921
922
923
924
925
926
927
928
929
930
931
932
933
934
935
936
937
938
939
940
941
942
943
944
945
946
947
948
949
950
951
952
953
954
955
956
957
958
959
960
961
962
963
964
965
966
967
968
969
970
971
972
973
974
975
976
977
978
979
980
981
982
983
984
985
986
987
988
989
990
991
992
993
994
995
996
997
998
999
1000
*edges
1 98
1 107
1 159
1 268
1 459
1 491
1 508
1 676
1 793
1 859
1 921
2 10
2 170
2 690
2 733
2 737
2 769
3 375
3 525
3 550
3 587
3 635
3 670
3 676
3 772
3 800
3 842
4 35
4 283
4 333
4 379
4 397
4 514
4 820
4 834
4 863
4 973
5 106
5 170
5 212
5 425
5 439
5 484
6 185
6 299
6 576
6 583
6 633
6 879
6 893
6 953
6 995
6 996
7 50
7 103
7 207
7 490
7 538
7 571
7 780
7 901
8 74
8 638
8 686
8 702
8 784
8 859
9 56
9 170
9 225
9 390
9 843
9 944
10 112
10 152
10 676
10 718
10 733
10 778
10 990
11 129
11 131
11 132
11 209
11 417
11 663
11 851
12 109
12 135
12 196
12 410
12 607
12 689
12 741
12 974
13 107
13 172
13 194
13 376
13 432
13 771
14 193
14 197
14 562
14 647
15 65
15 94
15 195
15 322
15 415
15 424
15 701
15 788
16 144
16 173
16 252
16 294
16 329
16 526
16 630
16 646
16 839
17 88
17 649
17 682
17 770
17 901
17 949
18 88
18 113
18 185
18 279
18 463
18 467
18 675
18 892
18 908
18 991
19 158
19 312
19 566
19 736
20 258
20 440
20 546
21 275
21 468
21 786
21 972
22 61
22 139
22 276
22 377
22 585
22 815
22 830
22 847
23 138
23 236
23 345
23 419
23 599
23 622
23 632
23 994
24 34
24 495
24 715
24 761
24 808
24 821
24 855
25 352
25 360
25 457
25 461
25 586
25 631
25 733
25 748
25 838
26 208
26 440
26 493
26 508
26 567
26 581
27 577
27 678
27 825
27 963
27 974
28 255
28 387
28 834
29 215
29 408
29 447
29 632
29 653
29 821
29 844
29 878
30 55
30 146
30 163
30 253
30 609
31 264
31 355
31 378
31 456
31 937
31 965
31 982
32 199
32 310
32 494
32 600
32 843
32 940
33 304
33 325
33 381
33 567
33 774
33 825
33 831
33 896
33 960
34 108
34 128
34 145
34 281
34 491
34 511
34 710
34 823
35 43
35 99
35 405
35 423
35 655
35 771
35 833
36 182
36 309
36 422
36 432
36 448
36 474
36 559
36 769
37 55
37 145
37 403
37 742
37 747
37 756
37 945
37 971
38 108
38 151
38 301
38 778
38 808
38 840
38 951
39 219
39 284
39 291
39 473
39 767
39 824
39 841
39 998
40 131
40 194
40 312
40 404
40 565
40 868
41 117
41 129
41 200
41 305
41 546
41 659
41 785
41 906
41 939
42 72
42 533
42 550
42 941
43 288
43 531
43 774
43 776
43 795
44 157
44 431
44 521
44 535
44 600
44 608
44 868
44 882
45 92
45 167
45 442
45 514
45 630
45 989
46 168
46 192
46 369
46 658
46 814
46 864
46 957
47 81
47 197
47 329
47 417
47 441
47 504
47 637
47 847
47 895
48 392
48 465
48 614
48 673
48 674
48 706
48 784
48 872
49 110
49 120
49 162
49 270
49 280
49 827
49 862
50 472
50 538
50 780
51 73
51 103
51 233
51 336
51 344
51 479
51 588
51 851
51 991
52 123
52 574
52 610
52 728
52 856
52 879
53 357
53 371
53 425
53 470
53 518
53 866
53 946
53 955
54 77
54 210
54 257
54 386
54 391
54 431
54 515
54 710
54 828
55 163
55 642
55 949
56 119
56 182
56 225
56 390
56 406
56 528
56 594
56 658
56 944
57 195
57 375
57 599
57 661
57 833
57 974
58 193
58 274
58 410
58 436
58 931
58 934
59 632
59 800
59 906
59 930
60 180
60 357
60 394
60 429
60 787
60 838
61 139
61 377
61 521
61 571
61 670
62 188
62 241
62 331
62 894
62 994
63 77
63 384
63 611
63 668
63 716
63 739
64 180
64 482
64 514
64 539
64 566
64 702
65 131
65 268
65 313
65 587
65 797
66 137
66 184
66 265
66 347
66 541
66 707
66 716
66 750
67 201
67 485
67 585
67 617
67 763
67 847
67 864
67 965
68 240
68 506
68 802
68 860
69 140
69 300
69 325
69 522
69 693
69 724
69 728
69 817
69 837
70 366
70 512
70 576
70 952
70 997
70 1000
71 79
71 100
71 176
71 188
71 416
71 515
71 625
71 790
72 114
72 650
72 743
72 941
73 127
73 136
73 148
73 306
73 621
73 723
73 978
74 330
74 493
74 845
74 883
74 893
74 896
75 182
75 277
75 729
75 802
75 867
75 955
76 109
76 319
76 345
76 450
76 530
76 695
76 700
76 702
76 930
76 960
77 207
77 269
77 293
77 449
77 497
77 828
77 895
78 96
78 174
78 177
78 296
78 346
78 638
78 664
78 679
78 948
79 103
79 269
79 416
79 583
79 598
79 680
79 704
79 805
80 736
80 875
80 961
81 692
81 895
82 459
82 465
82 496
82 775
82 832
82 894
83 171
83 284
83 332
83 355
83 435
83 578
83 613
83 724
83 727
83 946
84 354
84 461
84 480
84 757
85 238
85 353
85 431
85 650
85 651
85 696
85 750
85 942
85 966
86 113
86 272
86 331
86 337
86 368
86 540
86 568
86 874
87 298
87 444
87 787
88 161
88 418
88 549
88 645
88 739
88 964
89 258
89 484
89 568
90 583
90 591
90 860
91 130
91 182
91 219
91 383
91 447
91 747
91 920
92 101
92 107
92 185
92 216
92 242
92 269
92 331
92 564
92 833
92 989
93 98
93 233
93 283
93 430
93 477
93 527
93 618
93 628
93 661
93 977
94 115
94 183
94 258
94 358
94 823
94 850
95 244
95 386
95 393
95 480
95 594
95 766
95 851
95 876
95 881
95 891
95 898
95 959
96 378
96 406
96 429
96 534
96 587
97 150
97 333
97 406
97 751
97 756
97 886
97 924
98 233
98 337
98 400
98 457
98 550
98 676
98 794
98 824
98 932
98 975
99 166
99 239
99 710
99 729
99 773
99 881
99 959
100 157
100 213
100 365
100 705
100 726
101 107
101 110
101 128
101 513
101 519
101 575
101 680
101 682
101 774
102 214
102 272
102 287
102 539
102 609
102 653
102 669
102 775
102 982
103 267
103 553
103 572
103 667
103 787
103 901
103 962
104 194
104 549
104 639
104 697
104 780
104 967
104 982
105 133
105 149
105 157
105 416
105 467
105 488
105 634
105 654
105 708
105 868
106 371
106 488
106 613
106 710
106 728
106 792
106 797
106 960
107 331
107 463
107 642
107 829
108 410
108 620
108 714
108 951
108 975
109 316
109 369
109 549
109 784
109 896
110 288
110 359
110 762
110 798
110 802
110 948
111 222
111 400
111 430
111 470
111 641
111 667
111 864
111 915
111 925
112 314
112 411
112 778
112 959
113 135
113 575
113 616
114 836
115 183
115 294
115 357
115 781
115 868
116 213
116 355
116 376
116 433
116 516
116 558
116 600
116 763
116 857
116 984
116 988
117 174
117 305
117 401
117 496
117 633
117 690
118 169
118 362
118 461
118 540
118 681
118 694
119 185
119 527
119 555
119 652
119 682
119 717
120 195
120 301
120 543
120 601
120 636
121 181
121 198
121 298
121 627
121 681
121 711
121 722
121 743
121 761
121 773
121 863
122 123
122 271
122 446
122 763
123 308
123 465
123 533
123 550
123 745
123 893
123 938
123 975
124 196
124 240
124 279
124 329
124 393
124 430
124 530
124 553
124 629
124 681
124 805
124 820
124 906
125 253
125 301
125 402
125 454
125 865
126 350
126 482
126 645
126 780
126 846
127 229
127 426
127 506
127 881
127 892
128 413
128 776
128 930
129 182
129 184
129 680
129 761
129 855
130 456
130 883
130 971
131 275
131 384
131 417
131 418
131 609
131 709
131 805
131 816
132 134
132 172
132 315
132 422
132 651
132 771
132 799
132 966
133 156
133 315
133 349
133 407
133 853
133 994
134 207
134 259
134 425
134 582
134 674
134 935
134 944
135 156
135 211
135 348
135 502
135 899
135 923
135 967
136 238
136 296
136 393
136 692
136 925
136 944
137 195
137 238
137 260
137 463
137 482
137 514
137 785
137 883
138 299
138 440
138 828
139 192
139 377
139 437
139 746
139 854
140 215
140 431
140 653
140 884
140 900
141 223
141 237
141 254
141 330
141 426
141 570
141 641
141 686
141 693
141 805
141 883
142 281
142 522
142 800
142 867
142 942
143 155
143 342
143 512
143 562
143 624
144 187
144 405
144 483
144 638
144 643
144 679
145 199
145 429
145 544
145 616
145 961
146 249
146 324
146 331
146 363
146 406
146 440
146 462
146 584
146 887
147 200
147 314
147 367
147 488
147 622
147 710
147 754
147 941
148 284
148 359
148 412
148 420
148 610
148 621
148 748
148 753
149 221
149 484
149 497
149 700
149 741
149 916
150 401
150 439
150 556
150 713
150 753
151 159
151 182
151 347
151 399
151 529
151 562
151 597
151 808
151 918
152 163
152 176
152 246
152 367
152 403
152 690
153 176
153 306
153 310
153 372
153 395
153 415
153 593
153 958
154 191
154 253
154 384
154 467
154 536
154 813
155 418
155 457
155 637
155 826
155 852
155 871
156 210
156 211
156 579
156 625
156 661
156 942
156 995
157 287
157 293
157 318
157 608
157 882
158 188
158 230
158 391
158 426
158 668
159 249
159 385
159 476
159 921
160 481
160 541
160 564
160 729
160 735
160 788
160 912
160 936
161 166
161 267
161 541
161 546
161 549
161 617
162 173
162 557
162 575
163 167
163 185
163 253
163 319
163 455
163 499
163 629
163 642
164 348
164 469
164 552
164 879
164 912
164 990
164 995
165 275
165 528
165 657
165 979
166 710
166 725
166 840
166 963
166 986
167 215
167 320
167 455
167 829
168 438
168 514
168 657
168 789
168 894
169 234
169 490
169 543
169 551
169 772
169 897
169 928
170 271
170 388
170 439
170 582
170 760
170 945
171 469
171 576
171 703
171 772
171 826
171 893
171 896
171 977
172 426
172 671
172 711
172 734
172 771
172 782
173 192
173 257
173 623
173 688
173 705
173 744
173 793
173 801
174 260
174 296
174 346
174 571
174 800
174 817
175 259
175 423
175 503
175 645
175 651
175 928
176 263
176 288
176 483
176 530
176 785
176 804
176 890
177 179
177 314
177 453
177 666
177 701
177 741
177 880
177 943
177 948
178 181
178 642
178 794
178 895
178 915
179 603
179 611
179 639
179 901
179 914
180 446
180 514
180 539
180 885
181 279
181 376
181 386
181 438
181 445
181 640
181 767
182 643
182 658
182 729
182 847
183 216
183 416
183 573
183 943
184 458
184 482
184 541
184 547
184 809
184 829
184 854
184 891
185 279
185 996
186 365
186 374
186 398
186 799
186 812
186 961
187 437
187 486
187 694
187 871
187 934
187 953
187 969
188 328
188 590
188 612
188 643
188 744
188 926
189 206
189 504
189 590
189 737
189 817
190 195
190 278
190 311
190 461
190 495
190 573
190 716
190 857
191 759
191 802
191 947
192 517
192 563
192 854
193 203
193 307
193 436
193 492
193 521
193 545
193 660
194 417
194 501
194 565
194 683
194 829
195 278
195 311
195 589
195 599
195 701
195 704
196 260
196 553
196 702
196 768
196 790
196 843
196 974
197 324
197 832
197 870
197 949
198 224
198 290
198 590
198 743
198 806
198 851
198 860
199 244
199 279
199 456
199 517
199 766
199 872
199 984
200 221
200 275
200 500
200 609
200 629
200 767
200 894
200 941
201 570
201 585
201 616
202 278
202 300
202 443
202 685
202 756
202 888
202 911
203 305
203 521
203 532
203 736
203 754
203 831
203 847
204 263
204 330
204 379
204 585
205 321
205 384
205 412
205 512
205 574
205 987
206 251
206 389
206 480
206 527
206 546
206 766
206 956
207 252
207 269
207 449
207 453
207 554
207 941
208 252
208 256
208 505
208 608
208 683
208 759
208 771
208 784
208 815
208 820
208 936
209 356
209 434
209 569
209 591
209 605
209 811
210 661
210 935
210 966
211 456
211 564
211 591
212 245
212 394
212 418
212 490
212 994
213 375
213 433
213 516
213 615
213 622
213 726
214 388
214 522
214 548
214 802
214 865
215 593
215 626
215 752
215 829
215 846
215 884
216 405
216 747
216 833
217 303
217 451
217 614
217 773
217 839
217 849
217 913
218 565
218 566
218 704
219 237
219 259
219 282
219 355
219 378
219 774
220 346
220 840
220 862
221 225
221 723
221 767
221 855
222 327
222 401
222 600
222 653
222 840
222 915
223 387
223 498
223 805
223 917
224 628
224 918
224 956
224 999
225 281
226 326
226 328
226 351
226 369
226 404
226 813
226 898
226 947
226 984
227 441
227 609
227 708
227 736
227 854
227 904
227 924
228 524
228 674
228 874
229 265
229 311
229 320
229 349
229 464
229 725
229 775
229 820
229 975
230 282
230 307
230 328
230 391
230 400
230 426
230 454
230 622
230 740
230 761
230 787
231 319
231 680
231 704
231 834
231 843
232 291
232 361
232 455
232 755
232 848
232 880
233 244
233 533
233 932
234 253
234 264
234 390
234 885
234 935
235 331
235 360
235 564
235 686
235 859
235 924
235 994
236 352
236 597
236 951
237 282
237 486
237 692
237 906
237 919
237 933
238 538
238 598
238 650
238 838
239 297
239 349
239 660
239 729
239 925
239 959
240 424
240 731
240 811
240 820
240 878
240 999
241 245
241 269
241 355
241 529
241 569
241 591
241 755
241 796
241 860
242 343
242 347
242 364
242 512
242 564
242 678
242 745
242 977
242 998
243 247
243 294
243 416
243 420
243 744
244 719
244 860
244 876
244 954
245 256
245 272
245 446
245 529
245 643
245 727
245 796
245 858
245 906
245 992
246 265
246 309
246 674
246 759
246 858
247 290
247 492
247 769
248 376
248 528
248 573
248 751
248 882
249 390
249 528
250 332
250 416
250 438
250 485
250 507
250 558
250 666
250 708
251 383
251 929
252 329
252 648
252 702
252 724
252 801
252 890
252 907
253 372
253 485
253 935
254 330
254 340
254 804
254 912
255 328
255 619
255 639
255 698
255 807
255 972
256 394
256 619
256 683
256 807
256 828
256 858
256 886
257 413
257 623
257 793
257 856
257 959
258 440
258 680
259 338
259 351
259 645
259 785
260 650
260 667
260 765
260 782
260 921
260 946
261 539
261 600
261 727
261 789
262 423
262 852
262 955
263 384
263 461
263 495
263 523
263 733
263 825
263 838
263 912
264 400
264 493
264 940
265 707
266 271
266 368
266 631
266 688
266 998
267 381
267 414
267 660
267 677
267 993
268 341
268 459
268 480
268 786
268 794
268 976
269 375
269 429
269 614
269 718
270 325
270 569
270 672
270 697
270 818
271 625
271 931
271 970
272 446
272 475
272 610
272 651
272 691
272 715
272 727
272 891
273 314
273 347
273 367
273 369
273 407
273 472
273 634
273 934
274 332
274 347
274 362
274 660
274 797
274 934
275 742
275 934
275 942
276 830
277 462
277 584
277 686
277 712
277 722
277 765
278 425
278 495
278 685
278 788
278 823
279 714
279 758
279 766
279 772
279 991
280 281
280 363
280 722
281 294
281 802
281 823
281 978
282 286
282 355
282 378
282 853
283 675
283 825
283 881
283 973
283 977
284 359
284 841
284 889
285 480
285 491
285 663
286 473
286 478
286 479
286 558
286 804
286 866
286 871
286 938
286 979
287 382
287 413
287 428
287 496
287 549
287 587
287 609
287 637
287 705
287 955
288 478
288 742
288 802
289 361
289 379
289 422
289 655
289 791
290 396
290 633
290 637
291 490
291 547
291 806
293 363
293 449
293 553
293 764
294 397
294 981
295 508
295 512
295 719
295 986
296 299
296 346
296 484
296 679
296 788
296 948
296 986
297 368
297 452
297 657
297 729
297 733
297 792
298 435
298 833
298 998
299 321
299 665
299 974
300 336
300 423
300 817
300 827
300 925
300 930
301 323
301 372
301 415
301 500
301 601
301 642
301 767
302 334
302 381
302 586
302 635
302 648
302 762
302 790
303 593
303 626
303 843
303 849
303 916
304 381
304 417
304 457
304 474
304 492
304 672
304 759
304 852
305 496
305 637
305 659
305 742
305 881
306 684
306 782
307 328
307 516
307 715
307 945
307 980
307 1000
308 326
308 389
308 550
308 559
308 726
308 773
308 779
308 871
309 376
309 537
309 753
309 756
309 902
310 843
310 974
311 343
311 371
311 690
311 704
311 870
311 956
312 475
312 850
312 910
313 316
313 600
313 604
313 726
313 893
313 973
314 411
314 622
314 894
314 968
314 981
314 998
315 540
315 915
316 340
316 698
316 840
316 849
317 519
317 547
317 862
318 725
318 756
318 763
318 910
318 911
318 969
319 366
319 447
319 629
319 673
319 702
319 738
320 531
320 544
320 636
320 654
320 725
321 482
321 987
322 415
322 420
322 501
322 577
322 709
323 353
323 474
323 499
323 585
323 588
323 642
323 752
323 858
324 344
324 406
324 594
324 698
324 818
325 463
325 693
325 724
325 817
326 378
326 398
326 451
326 813
326 828
327 397
327 448
327 640
327 920
327 943
328 643
329 368
329 554
329 646
329 941
329 946
329 971
330 689
330 693
330 777
330 805
330 816
331 905
331 934
332 347
332 485
332 509
332 613
332 727
333 394
333 746
333 763
333 973
334 346
334 417
334 523
334 685
334 921
334 942
335 440
335 598
335 655
335 793
335 831
335 856
335 869
335 880
336 403
336 423
336 459
336 580
336 694
336 795
336 825
336 880
337 753
337 834
338 370
338 394
338 645
338 847
338 914
338 998
339 584
339 611
339 628
340 643
340 804
340 973
341 399
341 532
341 917
341 933
342 603
342 939
343 347
343 368
343 593
343 704
343 792
343 943
344 497
344 498
344 930
345 450
345 632
345 650
345 696
346 859
346 921
346 951
347 434
347 750
347 917
348 492
348 552
348 701
349 387
349 480
349 580
349 876
349 926
350 351
350 399
350 782
351 421
351 836
351 982
352 484
352 670
352 824
352 835
352 838
352 991
353 544
353 576
353 663
353 875
354 397
354 461
354 631
354 685
354 777
354 877
355 378
355 516
355 630
355 889
356 434
356 540
356 549
356 687
356 800
357 395
357 441
357 447
357 482
357 509
358 849
358 850
359 595
359 760
359 938
360 513
360 651
360 786
361 489
361 665
361 759
361 791
361 880
361 909
362 607
362 845
362 885
362 957
363 384
363 665
363 731
363 818
363 943
364 543
364 619
364 711
364 985
364 992
365 409
365 439
365 672
365 705
365 853
365 871
366 487
366 507
366 579
366 582
366 629
366 826
366 976
367 380
367 386
368 381
368 452
368 506
368 696
368 704
369 634
369 814
369 898
369 921
369 984
370 374
370 501
370 714
370 772
370 818
370 924
370 951
370 974
371 693
371 866
372 415
372 432
372 500
372 580
372 747
372 978
373 484
373 540
373 556
373 696
373 751
373 962
374 561
374 686
374 759
374 972
375 644
375 982
376 862
376 988
377 425
377 437
377 502
377 581
377 591
377 662
377 664
377 967
378 473
378 667
378 801
379 380
379 391
379 405
379 458
379 558
379 607
380 391
380 454
380 519
380 764
380 819
380 903
381 414
381 473
381 672
381 849
381 894
381 952
382 428
382 637
382 815
383 498
383 530
383 563
383 652
383 737
383 833
383 963
383 968
383 990
384 475
384 495
384 661
384 668
385 631
385 709
385 746
385 751
386 391
386 401
386 529
386 555
386 713
386 825
386 912
388 460
388 510
388 739
388 865
389 564
389 579
389 807
389 956
390 655
390 810
390 854
390 944
391 408
391 529
391 620
391 668
391 812
391 998
392 466
392 628
392 790
393 511
393 634
393 844
393 881
394 793
394 850
395 476
395 548
395 566
395 932
396 504
396 512
396 545
396 633
396 935
397 565
397 600
397 723
397 834
398 582
398 586
398 843
399 483
399 532
399 597
399 803
399 933
400 404
400 676
400 762
400 864
400 897
400 931
401 540
401 554
401 651
402 465
402 544
402 570
402 907
402 926
403 566
403 599
403 823
403 945
404 531
404 817
404 897
404 900
405 423
405 509
405 590
405 662
405 709
405 928
406 534
406 587
406 633
406 801
407 869
408 421
408 447
408 536
408 822
408 892
409 418
409 571
409 853
409 859
409 929
410 742
410 914
411 594
411 712
411 824
411 945
412 486
412 512
412 557
412 627
412 769
412 815
412 933
413 818
413 856
413 959
414 451
414 474
414 574
414 612
414 682
414 693
414 870
415 556
415 601
415 709
415 803
416 573
416 576
416 583
416 605
416 708
417 502
417 887
417 940
418 570
418 739
418 816
419 491
419 502
419 622
419 631
419 632
419 954
420 494
420 621
420 744
420 813
420 849
420 940
421 536
421 597
421 644
421 727
421 868
421 945
422 505
422 541
422 676
422 811
422 966
423 795
423 920
424 430
424 441
424 477
425 484
425 495
425 577
425 662
425 690
426 649
426 837
426 855
426 892
427 821
428 522
428 545
428 621
428 699
428 815
428 982
429 587
429 723
429 961
430 553
430 618
430 710
430 864
431 434
431 617
431 681
431 875
431 942
431 975
432 506
432 575
432 615
432 959
433 516
433 769
433 888
433 984
434 458
434 465
434 569
434 582
434 596
434 966
435 724
436 543
436 545
436 583
436 708
437 502
437 808
437 880
437 969
438 514
438 617
438 716
438 929
439 593
439 701
439 914
440 522
440 567
440 793
440 915
441 762
441 871
441 971
442 697
442 777
443 562
443 664
443 705
443 907
443 912
443 922
444 796
444 911
444 980
445 568
445 651
445 844
445 923
446 530
446 608
446 648
446 765
446 969
447 673
447 687
447 702
447 767
448 474
448 565
448 713
448 858
448 904
448 905
448 920
448 946
449 466
449 602
449 679
449 714
450 473
450 696
450 700
450 745
450 812
451 619
452 900
452 983
453 498
453 666
453 701
453 765
453 919
454 604
454 643
454 706
455 826
456 513
456 564
456 751
456 766
456 800
456 937
457 657
457 852
457 941
457 990
458 476
458 582
458 607
458 732
458 768
458 981
459 602
459 794
460 471
460 596
460 829
460 899
461 573
461 836
462 473
462 523
462 526
462 546
462 712
462 928
462 952
463 640
463 642
463 809
463 817
463 944
464 660
464 914
465 542
465 544
465 547
465 674
465 877
465 967
466 504
466 516
466 537
466 558
466 602
466 638
467 622
467 868
467 908
468 482
468 559
468 882
468 978
468 999
469 552
470 613
470 856
471 506
471 518
471 604
471 908
472 495
472 523
472 906
472 940
473 667
473 800
473 952
473 991
474 642
474 759
474 858
475 478
475 565
475 715
475 970
476 632
476 870
477 558
477 559
477 571
477 618
477 659
478 730
478 842
478 852
479 494
479 884
479 916
479 975
480 766
480 842
480 876
480 928
481 664
481 724
481 728
481 759
481 873
483 567
484 741
484 751
485 730
485 747
485 748
485 965
486 828
486 845
486 860
486 889
486 942
486 953
487 626
487 734
487 826
487 914
488 584
488 607
488 710
488 754
489 667
489 732
489 771
489 927
490 571
490 652
490 681
490 737
490 738
490 976
491 635
491 700
491 745
492 545
492 577
492 613
492 684
494 536
494 567
494 886
494 889
495 534
495 675
495 912
496 880
496 958
496 993
497 590
497 670
497 745
497 791
498 652
499 688
499 802
499 831
500 609
500 807
500 924
500 977
500 993
501 506
501 683
501 711
501 716
502 547
503 584
503 626
503 656
503 736
503 927
504 558
504 561
504 911
505 508
505 563
505 603
505 676
505 743
505 764
505 816
505 850
505 932
506 776
506 804
506 968
507 579
507 582
507 970
507 981
507 999
508 581
508 606
508 624
508 676
510 578
510 605
510 739
510 754
510 894
511 537
511 608
511 673
511 823
511 869
511 888
511 975
512 522
512 545
513 640
513 683
513 731
513 937
514 557
514 785
514 863
514 885
515 625
515 703
515 811
515 892
515 955
515 968
516 630
516 834
517 565
517 614
517 872
517 973
518 759
519 819
520 531
520 856
520 876
521 540
521 713
522 538
522 545
523 711
523 791
524 665
524 825
524 853
524 859
524 985
524 990
525 602
525 792
525 902
525 913
525 967
525 988
526 646
526 993
527 555
527 708
528 616
528 956
529 561
529 562
529 751
529 755
530 652
530 786
530 910
531 776
531 914
531 923
531 940
531 996
532 813
532 932
533 556
533 667
533 739
534 587
534 605
534 662
534 696
534 931
535 608
535 882
535 907
535 953
535 999
536 593
536 632
536 734
536 838
537 694
537 778
537 870
538 710
538 837
538 838
539 636
539 727
539 869
540 569
540 923
541 915
541 936
542 586
542 632
542 760
543 555
543 583
543 656
543 710
543 772
543 895
543 919
544 564
544 654
544 828
545 565
545 628
545 758
546 906
547 602
547 626
547 865
547 877
548 555
548 566
548 645
548 721
548 778
548 787
548 852
548 874
548 884
548 923
549 692
550 670
550 772
550 794
550 975
551 653
551 719
551 943
553 629
553 962
554 563
554 779
554 941
555 569
555 721
555 738
555 770
555 912
555 919
556 592
556 753
556 777
557 618
557 627
557 748
557 785
557 789
557 925
558 953
559 639
559 871
560 649
560 699
560 801
560 924
561 781
561 786
561 998
562 579
562 668
562 779
563 703
563 926
563 950
563 953
563 968
564 565
564 770
564 782
566 633
566 742
566 949
566 966
567 962
567 978
567 987
568 736
568 844
569 818
570 781
570 805
570 941
571 652
572 602
572 877
572 960
572 995
574 594
574 693
574 695
575 616
576 758
576 996
576 997
577 650
577 770
577 985
578 620
578 697
578 933
579 582
579 671
579 922
580 876
580 880
581 741
581 875
581 910
581 967
582 670
582 768
582 816
582 935
583 656
583 713
585 588
585 605
585 901
586 960
587 754
587 797
588 694
588 723
588 919
588 991
589 611
589 722
589 787
589 885
589 909
590 670
590 788
590 806
590 857
591 604
592 675
592 777
593 626
593 846
594 705
594 792
594 840
594 876
595 630
595 760
595 979
596 749
596 786
596 788
596 854
597 619
597 644
597 811
597 980
598 626
598 756
598 894
599 730
599 876
600 663
600 975
600 983
601 709
601 746
601 774
601 957
601 976
602 641
602 934
603 641
603 816
604 726
605 662
605 666
605 706
605 827
605 872
605 933
606 620
607 650
607 898
607 937
608 648
608 882
609 709
609 982
610 669
610 790
610 905
611 628
612 643
612 687
612 812
612 867
612 981
613 724
613 728
614 948
615 686
615 854
615 858
615 905
616 720
616 769
616 964
618 628
618 695
618 807
618 843
619 875
620 647
621 854
621 856
621 890
622 921
623 637
623 853
624 690
624 947
626 974
628 951
630 678
632 653
632 821
632 933
633 910
634 667
634 753
634 949
635 652
635 822
635 842
635 903
638 679
638 982
639 830
639 861
640 685
640 809
640 978
641 698
641 805
642 664
644 793
644 853
645 679
645 789
645 865
645 884
646 891
647 814
648 739
648 790
648 866
648 936
649 677
649 754
649 813
649 870
650 770
650 771
650 836
651 734
651 923
653 666
653 736
653 747
653 943
654 689
654 984
655 863
655 929
656 927
657 660
657 733
657 852
657 918
658 898
658 957
659 816
659 985
660 847
660 959
662 725
662 778
663 715
663 739
664 679
664 760
664 902
665 806
665 859
666 925
667 748
667 901
667 915
668 873
669 740
669 773
669 830
670 865
671 881
672 743
672 832
672 983
673 691
673 784
673 825
674 758
674 872
675 710
675 892
675 983
676 713
676 834
676 921
677 678
677 703
677 749
678 798
678 891
679 802
679 911
680 758
680 791
680 805
681 719
681 906
682 693
682 707
682 786
683 705
684 770
685 773
685 888
685 978
686 784
686 879
687 793
687 821
687 856
688 777
688 806
688 998
689 706
689 737
689 817
689 853
690 857
691 709
691 712
691 883
692 829
692 839
692 907
692 939
692 962
693 819
694 795
694 956
694 969
695 700
695 932
695 978
695 983
696 740
696 893
697 810
699 769
699 801
700 926
700 932
700 958
701 837
701 1000
702 753
702 843
702 981
703 787
703 788
703 968
704 870
705 871
706 803
706 817
706 872
707 759
707 854
707 858
707 864
708 733
708 901
710 862
710 976
711 722
711 740
711 762
711 895
712 998
713 749
714 772
714 903
714 966
715 733
715 761
715 808
715 827
716 929
717 813
718 856
718 870
718 896
718 980
718 997
719 813
719 943
720 725
720 767
720 968
721 817
721 829
721 869
721 950
722 909
723 728
724 728
724 817
724 907
725 763
725 840
725 934
726 864
726 904
726 964
728 979
729 735
729 984
730 778
731 900
732 970
733 959
734 799
734 922
734 933
734 986
735 904
735 964
736 831
737 785
737 846
737 972
738 842
738 890
738 893
738 896
738 989
739 754
740 761
740 895
740 900
740 915
740 968
741 759
741 810
741 839
741 867
742 826
742 934
743 832
743 889
744 926
746 899
746 918
748 799
748 908
749 823
749 841
750 797
750 917
751 777
751 886
752 987
753 930
754 890
755 864
755 958
756 945
757 765
757 792
757 885
757 974
758 789
758 915
758 991
759 837
760 877
762 834
764 889
765 782
765 969
770 803
770 949
771 912
771 995
774 871
775 974
776 900
776 957
777 806
778 840
779 902
779 903
781 796
781 805
782 836
785 828
785 961
789 820
789 953
792 853
792 976
793 810
793 856
794 976
794 979
795 969
795 997
797 917
798 887
798 969
799 926
800 863
800 942
801 916
801 923
802 860
802 958
803 863
804 839
805 849
806 944
807 886
808 969
810 839
811 820
812 885
812 992
813 940
813 996
816 982
817 877
818 977
821 999
822 831
822 914
822 947
822 994
823 871
824 879
824 896
825 881
825 974
827 985
829 889
829 950
830 860
831 898
831 947
832 949
832 983
834 956
835 841
838 927
840 849
840 970
841 887
842 968
846 848
846 976
847 886
848 851
848 922
850 910
851 922
851 971
852 918
853 985
853 994
854 887
855 957
855 992
857 954
857 991
858 864
858 906
859 881
859 929
861 936
861 987
862 940
863 880
863 978
866 871
866 936
866 979
867 942
867 967
868 882
869 888
869 892
869 971
871 936
872 907
872 913
876 928
877 939
879 995
880 978
882 918
882 999
883 921
888 977
890 907
890 928
891 955
892 948
892 985
893 896
893 988
894 998
895 992
896 916
896 996
898 947
899 918
903 966
904 964
905 931
905 941
906 977
908 951
913 933
913 988
916 961
916 975
918 999
921 935
922 955
924 951
935 984
936 980
938 979
940 996
942 965
946 971
948 972
949 996
950 979
952 1000
956 990
958 993
962 987
965 982
967 988
