*Vertices 899
*Arcs
1 620
1 779
2 493
4 423
4 707
6 44
7 743
7 888
8 58
8 239
8 478
8 606
9 77
10 84
10 215
10 439
11 436
11 467
11 825
12 262
12 263
12 824
13 203
13 313
13 521
14 103
14 519
14 893
15 306
15 532
16 50
16 635
16 778
17 646
17 712
17 891
18 153
18 155
18 308
19 17
19 118
21 333
21 725
22 664
24 242
24 598
24 764
24 836
25 559
25 696
26 339
26 486
26 853
28 56
28 155
29 266
30 556
30 702
31 162
31 667
32 455
32 819
32 851
33 292
34 534
34 589
34 662
34 670
35 427
35 716
35 727
35 855
36 23
36 384
36 466
36 606
37 354
38 289
38 447
38 555
39 641
40 257
41 408
41 609
41 716
41 805
42 5
42 17
42 92
42 453
42 539
42 556
43 96
43 100
43 221
43 553
43 589
45 266
46 30
46 280
47 607
47 748
48 164
48 773
48 845
49 204
50 622
51 621
51 748
52 127
53 733
54 279
54 514
55 61
55 424
55 548
56 50
56 597
56 668
57 652
58 156
58 871
58 881
59 497
59 700
60 13
61 261
61 525
62 28
62 491
62 580
64 75
64 546
64 652
65 26
65 109
66 292
66 409
66 723
67 613
68 863
69 383
69 413
69 697
69 809
70 778
71 16
72 159
72 353
72 868
73 803
74 252
74 587
75 638
76 843
78 174
78 478
79 55
80 56
80 123
80 658
81 95
81 492
82 773
83 120
83 580
84 94
84 186
84 199
84 626
85 265
85 495
85 888
86 103
86 434
87 324
87 815
88 490
88 681
88 762
88 842
89 579
90 81
90 141
91 92
91 280
91 552
91 570
92 28
92 91
92 808
92 893
93 573
94 317
96 215
96 508
99 258
100 15
100 540
101 386
101 785
102 112
103 180
103 398
104 2
104 332
105 380
105 592
106 67
106 293
106 852
107 103
108 465
108 590
109 65
109 822
109 829
110 53
110 509
112 27
112 269
113 114
113 182
113 510
113 818
113 870
114 429
115 55
115 460
116 164
116 524
116 593
116 759
117 767
117 844
118 63
118 120
118 771
119 458
120 403
120 444
120 729
120 892
122 301
122 398
123 80
123 730
124 267
125 607
126 689
127 245
127 351
127 379
127 381
127 462
127 473
127 491
128 479
128 482
128 553
129 160
130 656
130 819
131 458
132 254
132 811
133 343
134 561
135 84
135 626
136 414
136 803
137 262
137 319
137 324
137 355
137 489
138 391
138 645
138 870
140 16
140 527
141 661
141 682
142 6
142 517
143 161
143 650
143 823
143 858
144 622
145 360
145 366
145 506
147 416
148 172
148 708
149 153
149 482
151 876
152 200
154 42
155 423
157 737
158 108
158 694
159 22
159 94
159 588
160 889
162 177
162 317
163 173
163 236
163 552
163 871
164 129
164 162
164 166
164 527
164 547
165 194
165 554
166 297
167 532
167 593
168 7
168 47
168 146
168 480
168 503
169 71
169 492
172 148
172 708
173 62
173 768
174 150
174 577
174 827
175 550
176 239
177 239
177 264
177 728
178 395
179 294
181 35
182 357
183 317
183 755
184 274
185 486
185 585
186 11
186 74
187 545
187 810
187 828
188 261
188 316
189 139
189 642
192 339
192 569
192 750
193 72
193 141
193 481
193 615
193 717
194 141
194 230
195 228
196 310
196 872
197 194
197 195
197 498
197 560
197 608
198 226
198 266
198 437
198 575
198 782
200 51
200 100
200 548
200 766
201 89
203 268
204 49
204 604
205 13
205 30
205 390
205 534
205 549
206 541
207 382
207 630
207 654
208 193
208 368
208 629
209 700
210 168
211 832
212 104
212 449
213 511
214 18
214 650
215 602
215 809
215 834
216 487
217 221
218 681
219 38
219 183
219 430
220 572
221 312
222 47
222 498
223 258
224 503
225 790
226 369
227 96
227 338
228 88
228 422
228 643
228 680
229 151
229 351
230 279
231 476
231 609
233 461
233 721
233 770
234 436
234 571
235 119
235 197
235 338
235 428
235 525
237 836
238 355
238 524
238 567
238 634
238 874
239 543
240 481
241 503
241 721
242 301
242 722
242 732
242 840
243 135
245 362
246 175
247 513
248 369
248 825
248 846
249 664
250 278
250 477
250 634
251 426
252 70
252 76
252 87
252 521
253 773
254 101
255 261
255 830
256 77
256 348
256 361
256 519
256 714
256 754
257 182
257 769
258 472
258 566
258 761
258 839
259 456
259 681
261 139
261 471
261 713
262 12
262 604
263 760
263 762
264 283
264 582
264 755
265 146
265 636
266 260
266 451
266 631
266 658
267 602
267 632
268 373
269 57
269 79
270 284
270 496
271 132
271 155
271 399
271 650
272 291
272 669
273 342
273 423
273 427
274 12
274 102
274 232
274 304
274 495
274 699
276 587
277 271
278 287
278 344
278 393
278 477
278 798
279 356
279 385
279 782
280 358
280 585
280 631
280 833
280 844
281 48
281 364
281 457
281 712
282 316
282 764
283 356
283 374
284 858
284 873
285 529
285 724
286 43
287 278
288 485
288 550
288 881
289 38
289 527
289 721
290 300
290 480
291 452
291 468
291 669
292 437
292 574
292 636
293 519
294 499
294 780
295 675
296 465
296 702
297 166
297 181
297 543
298 338
298 529
298 740
298 865
300 642
301 661
302 587
302 658
303 458
303 878
304 114
304 243
305 64
306 63
307 429
307 469
307 502
307 628
308 168
308 421
308 555
309 39
309 499
309 759
310 400
310 612
311 762
313 520
313 663
313 831
315 278
315 812
316 444
316 594
317 47
317 470
317 513
317 824
319 137
319 452
319 709
321 512
324 245
324 442
324 477
324 549
325 82
325 257
325 853
326 790
326 817
327 742
327 771
328 417
328 539
329 269
329 316
329 402
330 211
330 357
331 25
331 563
332 40
332 41
333 696
334 847
335 100
335 115
335 461
335 568
335 816
336 63
336 171
336 532
337 653
338 600
339 86
339 296
339 497
339 583
339 827
340 188
340 797
341 156
341 745
343 359
343 617
344 321
344 506
344 792
344 803
345 120
345 551
346 82
346 304
346 361
347 383
349 219
349 352
350 127
350 803
350 847
351 700
351 848
352 628
352 687
353 72
353 251
354 103
354 113
354 274
355 430
355 432
355 606
356 203
356 261
356 288
356 769
357 434
357 887
359 468
359 685
360 300
360 749
361 256
361 405
362 477
363 141
363 305
363 793
364 345
364 552
364 711
364 734
365 689
366 145
366 343
366 514
369 226
370 380
371 381
371 466
372 37
372 730
373 201
373 555
375 43
375 387
375 457
376 678
377 421
378 352
378 687
378 776
380 412
380 475
380 854
383 347
383 484
383 862
384 639
385 558
386 355
386 549
386 565
387 375
387 457
388 692
389 693
390 615
391 27
391 484
391 642
391 737
392 696
392 835
394 291
395 170
395 898
396 62
396 265
397 39
398 779
399 388
399 521
400 29
401 622
401 744
402 697
403 46
403 147
403 192
405 69
405 617
405 684
405 733
405 760
405 790
406 134
406 669
407 299
407 469
408 225
408 267
408 885
409 24
409 863
410 328
410 652
411 696
412 380
413 6
413 175
413 745
414 45
414 335
414 733
415 74
415 688
416 129
416 265
417 667
418 531
419 270
419 386
419 752
420 84
420 94
420 411
420 617
421 377
421 534
421 806
422 641
423 40
423 320
423 600
423 602
424 65
424 499
424 812
425 853
426 852
428 69
428 98
428 227
428 663
428 831
429 114
429 318
429 448
430 177
430 219
430 404
430 487
430 633
430 795
431 13
431 756
432 367
432 371
432 774
433 698
433 809
435 481
435 880
436 100
436 234
436 312
436 571
436 657
437 76
437 728
438 395
438 450
438 486
438 572
439 48
439 206
439 251
440 386
440 688
441 172
441 493
441 535
441 561
442 324
442 487
442 587
444 28
444 48
444 616
445 486
446 637
446 699
447 293
447 734
448 307
448 324
448 475
448 483
449 400
449 664
450 95
450 402
450 846
453 392
453 478
453 883
454 109
454 383
454 560
455 32
455 819
455 841
456 400
456 766
456 817
457 375
458 825
458 827
459 492
460 100
460 290
460 389
460 505
463 35
463 516
464 179
464 529
464 734
465 706
466 421
466 768
467 37
467 255
467 736
468 207
468 307
468 529
468 637
469 42
469 341
471 880
472 249
473 323
474 56
474 845
475 47
475 295
475 544
475 626
475 677
476 231
476 410
476 492
477 619
478 78
478 411
479 664
480 447
481 516
482 48
482 728
485 542
485 784
485 785
486 354
487 442
488 746
489 578
490 243
490 415
490 512
490 641
490 832
492 169
492 616
492 625
493 441
493 697
493 715
494 40
494 141
494 160
494 410
495 570
496 202
496 438
496 611
498 193
498 322
498 499
498 570
498 815
499 58
499 64
499 767
500 767
501 127
501 348
501 444
501 886
502 250
503 173
503 176
503 426
503 620
504 25
504 105
504 887
505 93
505 124
506 446
506 864
507 543
507 695
508 83
508 660
509 48
509 105
509 157
509 508
510 153
510 395
511 9
511 308
511 791
512 490
512 569
513 247
514 202
514 590
514 676
515 104
515 311
515 729
515 795
516 463
516 481
517 405
517 464
518 52
519 487
520 9
520 689
521 84
521 579
521 867
521 876
522 287
522 432
523 664
524 116
524 717
524 874
525 481
525 687
526 573
527 530
528 439
528 785
529 53
529 285
529 467
529 542
529 557
529 772
530 292
530 829
531 430
531 659
532 125
532 468
532 649
532 732
533 321
534 315
534 321
534 756
535 548
536 127
536 553
536 834
537 18
537 362
538 181
538 252
539 670
539 819
540 67
540 142
540 465
540 517
540 720
540 877
542 456
542 741
543 19
543 499
543 522
543 705
544 295
544 475
544 623
544 690
544 894
545 122
545 346
545 349
546 285
548 200
548 248
548 716
548 719
549 54
549 484
550 318
551 803
552 149
552 711
553 345
554 229
555 160
555 201
555 841
557 24
558 324
558 409
558 753
559 268
559 288
559 784
560 43
560 759
561 217
561 418
561 717
562 671
563 115
563 747
564 105
564 269
564 596
565 627
566 6
566 364
566 680
567 306
567 845
569 49
569 111
569 323
569 860
571 207
572 288
572 369
572 849
573 88
573 434
575 349
575 715
575 792
576 835
577 174
577 833
578 793
579 693
580 97
580 165
580 246
580 521
581 30
581 269
582 769
582 854
583 772
585 523
586 750
587 442
587 736
587 891
588 42
588 340
588 518
589 376
589 436
589 469
589 782
590 41
590 606
591 207
591 224
591 746
592 509
593 421
593 472
594 106
594 636
595 414
595 481
596 203
597 739
598 24
599 309
601 399
602 272
602 281
603 413
604 204
604 871
606 242
606 269
607 241
607 305
607 556
608 395
610 208
610 411
611 142
611 530
612 260
612 636
612 878
613 598
613 745
614 104
614 368
614 629
615 193
615 266
615 343
615 360
615 749
616 448
616 880
618 446
618 867
619 339
620 196
620 837
621 51
621 536
622 144
622 196
622 393
623 789
624 725
624 782
625 442
625 678
625 743
626 1
626 133
626 892
628 223
629 109
629 208
630 567
630 842
631 269
631 747
631 863
632 335
635 496
636 265
636 423
636 492
636 696
636 887
637 115
637 305
637 598
637 823
638 242
639 56
639 384
639 700
640 405
641 490
641 617
642 44
642 192
642 318
642 330
642 580
643 105
643 842
644 656
644 773
645 69
645 191
645 342
646 136
646 769
647 428
647 817
648 413
650 111
650 148
650 294
651 328
652 517
653 823
654 25
655 15
655 417
655 443
656 58
659 847
660 853
662 113
663 553
664 3
664 449
664 882
665 544
666 811
667 247
667 314
667 551
667 611
667 685
667 810
667 890
668 11
668 286
668 307
668 453
669 710
669 822
670 539
670 601
670 686
671 580
671 738
671 862
672 245
672 639
672 750
672 862
673 345
673 803
674 238
675 231
675 312
675 885
676 211
677 394
677 475
677 584
677 830
678 131
678 743
678 899
679 842
681 30
681 741
682 457
682 491
682 856
683 191
685 120
685 687
685 745
685 840
686 134
686 623
686 669
686 778
687 231
687 352
687 376
687 866
688 540
688 817
689 192
689 299
689 442
689 520
689 573
689 625
690 457
691 428
692 168
692 498
693 132
693 528
693 890
694 158
694 822
695 281
695 495
696 683
696 690
696 899
697 244
697 403
698 229
699 715
700 282
700 351
700 578
701 664
701 776
702 162
702 677
702 836
703 189
703 229
704 107
704 599
705 458
706 465
706 750
707 624
707 883
708 533
708 541
708 634
708 705
709 281
709 614
710 211
710 344
710 820
711 540
711 552
714 256
714 471
714 847
715 278
716 283
716 408
716 438
717 479
717 730
717 819
718 16
718 256
719 8
720 376
720 540
720 711
721 340
721 492
721 784
721 808
723 279
724 242
725 158
725 254
725 275
725 356
725 859
726 809
728 359
729 515
729 623
729 875
730 119
731 328
731 329
733 68
734 162
734 164
735 408
735 718
736 752
737 391
737 747
738 13
738 467
738 768
738 830
739 72
739 386
739 561
741 774
742 36
742 669
743 125
743 625
744 200
744 401
745 134
745 237
745 400
745 757
746 848
747 63
747 611
747 704
747 857
748 216
748 860
750 353
750 576
750 756
750 813
751 292
751 542
752 454
752 511
752 736
753 324
754 298
754 708
755 183
755 193
755 217
755 219
755 781
755 837
756 431
757 562
758 258
758 430
758 546
758 717
759 359
759 560
759 755
760 66
761 284
761 317
761 503
761 545
762 27
762 161
762 277
762 366
763 168
763 774
764 62
764 660
765 854
766 655
766 659
766 703
767 80
767 171
767 441
767 788
767 841
769 397
769 407
769 495
770 509
770 873
771 361
771 421
771 512
772 583
772 614
773 90
773 121
773 797
773 888
775 269
775 388
775 457
776 378
776 642
777 755
778 612
778 686
779 1
779 228
780 590
781 614
782 266
783 252
783 698
783 773
786 488
787 87
787 124
789 137
789 807
790 880
791 886
792 362
792 594
793 114
793 261
793 737
794 573
794 840
795 297
795 864
796 64
796 426
797 676
798 795
799 138
799 372
799 430
800 135
800 824
801 224
801 261
801 425
802 439
803 39
803 136
803 488
803 736
803 786
804 710
806 533
807 36
808 742
808 817
809 246
809 605
809 676
809 726
810 187
810 667
811 50
811 787
813 343
813 784
814 811
816 172
817 215
817 494
818 535
819 32
819 455
820 411
821 822
822 337
822 761
823 438
823 447
823 586
826 35
827 104
828 545
828 597
829 197
829 717
830 648
830 712
831 313
833 99
834 215
834 330
834 397
834 424
835 163
835 411
836 853
837 134
837 144
838 622
839 228
839 259
839 414
839 831
840 23
841 563
841 617
842 190
842 621
842 745
843 106
843 201
843 876
844 117
845 124
845 518
845 764
846 834
847 293
847 318
847 562
847 761
848 226
848 331
848 627
849 282
849 350
850 238
850 404
851 32
851 195
851 207
851 501
852 269
853 203
853 432
853 729
853 754
854 57
855 843
856 604
857 274
857 782
858 885
860 529
861 291
862 188
862 675
863 137
863 591
864 247
865 323
865 630
865 635
866 258
866 840
867 765
867 768
867 785
868 431
868 770
869 403
870 94
870 101
871 664
872 234
872 572
872 753
873 501
875 170
875 424
875 783
876 123
876 406
876 459
876 582
877 620
879 681
879 820
880 20
880 423
880 636
881 64
881 775
881 798
883 88
883 387
883 706
884 171
884 199
884 269
885 558
886 295
886 687
887 357
887 418
887 443
887 800
889 22
889 555
890 181
891 696
891 726
891 835
892 673
893 14
893 167
893 380
895 217
895 687
896 482
897 645
898 213
